T 6000
C 500
I 100
P
42
468
335
2501
1170
3725
5479
5359
2963
465
5706
4146
5282
4828
3962
492
2996
5943
4828
5437
2392
2605
3903
154
293
383
5422
717
1719
1896
5448
3727
2772
5539
1870
1913
1668
2300
5036
3895
4704
5812
1323
334
5674
4665
3142
1712
4254
869
1548
3645
2663
2758
2038
860
2724
3742
3530
779
317
3036
4191
1843
289
107
3041
2943
1265
4649
3447
5806
3891
730
371
3351
3007
1102
394
3549
1630
624
85
1955
757
5841
4967
1377
1932
2309
4945
2440
627
5324
5538
3539
4119
2083
4930
4542
4834
1116
4640
5659
4705
3931
1978
2307
1674
4387
5022
4746
2925
1073
271
5830
2778
3574
5098
4513
5987
1291
3162
637
4356
768
5656
3575
4032
53
3351
1151
4942
3725
1967
3431
1108
192
8
5338
3458
288
3754
4384
2946
2910
2210
3759
222
589
423
947
3507
1031
4414
5169
901
2592
763
1656
5411
360
3625
2538
3549
484
3596
4042
3603
351
4292
837
3375
5021
4597
22
3349
5200
1669
485
2282
4735
54
2000
2419
3939
901
3789
128
468
3729
2894
649
4484
5808
2422
2311
618
4814
3515
2310
1617
936
5452
2601
5250
4520
1557
4799
304
225
5009
5845
2610
2990
2703
3196
2486
3094
2344
524
1588
5315
3504
1449
1201
1459
619
2581
1797
2799
3282
1590
2799
4010
3158
2473
5623
539
293
39
180
191
5658
1959
192
1816
4889
1157
5512
4203
2635
273
2056
2329
4647
2363
4887
876
4434
5870
2143
5845
1417
3882
1999
4323
652
4022
5700
3558
4477
3893
390
5076
4713
2601
2511
3004
2870
5862
2689
1402
3790
3256
4424
5003
4586
183
4286
3089
1427
4618
5758
3833
933
4170
2155
1722
5190
1977
1330
2369
4693
3426
4556
3435
4550
1442
3513
146
61
3719
3754
4140
424
4280
1997
4688
530
4550
5438
1867
950
194
5196
3298
2417
4287
4106
489
4283
456
1735
115
5702
1317
2672
5787
264
4314
356
1186
2054
913
4809
1833
2946
4314
3757
4322
1559
5647
3983
482
4145
5197
2223
1130
2162
5536
2451
5174
4467
45
3660
2293
2440
5254
2025
2155
5511
4746
2650
1187
2314
4475
4023
2169
2019
788
3906
5959
1392
4203
3626
2478
4415
3315
1825
5335
1875
373
2160
5834
4071
1488
4298
1519
2178
5774
2271
1764
2669
5193
1986
3103
2481
5214
1628
4803
4100
528
2626
1544
1925
5024
5973
1062
2182
1004
3433
5506
3594
4726
1032
2493
143
5223
1287
1065
1901
1188
2361
4414
975
2271
5171
236
834
1712
1761
897
4668
1286
551
141
1695
2696
3625
4020
2126
2577
3695
4659
2303
5372
4467
4679
4594
5852
1485
1019
4465
3120
5153
2801
88
1061
1927
3011
4758
2171
2316
3577
228
44
4759
1165
5110
1883
5087
5566
3488
5578
2475
2626
1628
5630
1929
1424
4521
903
2963
124
597
3738
1262
4196
2526
1265
2261
203
2117
5031
2327
5012
772
412
1548
3154
3521
5791
2925
189
3764
4941
2852
663
1830
901
5714
959
5579
2366
1008
5478
1201
2059
440
2304
761
1358
2325
478
5109
3114
2888
1802
4851
2461
4429
994
3385
1406
541
1112
4705
836
2357
73
5351
824
2486
2557
5217
1627
3358
2527
1358
5338
5272
5870
5362
897
1023
5618
4113
718
697
5586
42
424
130
230
4566
560
2933
4297
5856
54
4963
3585
5735
655
4973
3458
2370
4533
2964
2608
2484
912
5636
4068
4849
4676
939
2224
4143
5755
512
4742
2176
3460
5826
3222
5871
1627
1935
3206
1784
5851
5399
4280
4702
194
735
1638
2535
5557
1994
4177
1706
963
4549
3882
301
2414
4642
1856
856
1143
5463
3612
878
2425
2679
1753
444
4297
674
4041
3314
876
2073
819
611
1018
2933
4113
696
1170
5832
2041
2489
4686
1091
1498
2590
1991
3146
1354
1315
652
2741
4045
5259
336
2760
5193
1606
1265
182
4504
3830
5776
2609
5293
5998
5550
5557
1562
1628
468
5542
2130
1241
3814
5175
2602
78
2216
2684
2214
5993
1825
5602
5393
3760
2671
2429
4028
4085
4076
787
3499
971
288
5848
2605
504
3222
4664
5707
2364
3011
4172
3490
241
165
1543
1620
2914
1592
705
1819
3233
751
1206
4976
1540
304
5423
3099
5248
1585
1649
2972
5865
4914
5076
3546
4713
5547
679
1770
3263
2520
1986
4290
3945
2866
541
5246
1509
4319
3871
3602
4324
3133
473
3153
1088
4571
5764
5902
5104
2424
3528
5601
2970
2016
5566
29
3544
1348
2089
2944
638
4410
2464
5050
4682
1589
5343
609
2061
3222
1759
5955
2889
2147
691
1950
844
3431
1621
749
3068
4537
2784
36
2227
3186
1039
3854
1630
5225
3749
1924
3360
2258
767
4945
2956
5319
2727
1412
3026
2356
1002
4550
3497
585
3516
5965
5343
2076
5914
4143
1197
3949
1073
2427
2607
2174
430
2405
706
2627
5813
1376
94
4566
4037
2737
5142
815
5995
2257
653
5937
839
2483
1356
3016
1132
231
5842
2626
2012
2638
4187
1691
1651
5663
3635
4894
4354
3417
1453
2009
1263
4234
5455
4304
4635
2304
2257
149
5125
318
4214
3110
29
5201
3081
3319
4859
51
156
1362
3265
5904
3677
5644
2910
2903
3562
4490
949
1283
1654
675
2221
5403
924
3832
1370
3879
2260
1009
4620
5972
4
3946
3782
2505
393
2686
1314
699
5590
723
5939
1038
411
1462
235
509
3962
3960
494
1516
1270
938
4870
59
2701
1972
2265
3118
4216
556
1816
331
3040
213
5289
4083
1955
4086
2711
485
775
2381
5816
1952
542
116
1680
5111
1899
5074
789
5978
133
5957
4690
2114
4009
942
3791
1724
3364
29
1185
779
1201
5072
1886
3975
1072
5334
4868
2154
2296
2169
2826
3677
3630
4651
2599
3310
4694
4687
81
4117
250
2668
1529
2680
1865
5422
2406
2827
817
1517
3727
4667
5088
3682
1965
1341
5687
22
5663
2722
65
5310
2416
5903
5874
5125
5942
2746
1763
4424
3532
4807
269
3319
5603
1908
308
5482
1013
3137
2631
115
2810
4085
5557
291
3294
5997
5153
1055
1346
2709
249
1492
1713
5132
115
4440
1959
723
5705
996
1053
1270
1480
239
2424
3919
4867
5660
2499
4487
3197
1463
2634
159
23
1147
393
1038
3926
4648
5459
603
808
4099
3831
5293
2601
1279
2800
353
2449
1883
541
4316
4576
2763
3568
4337
398
1419
1898
1829
1852
2817
231
4450
4926
659
230
521
4941
5561
3148
1163
1656
2676
793
4362
1755
4399
5147
2715
2947
3189
1570
2639
3664
3076
516
5522
476
3616
2529
1235
571
906
3465
1558
4963
2162
525
550
5470
331
1924
4351
2334
4926
4911
1738
4337
338
1279
394
1637
715
4165
1592
1950
1136
2506
1338
4005
4338
2624
4665
3971
1609
569
1282
1086
3153
374
4653
2195
3877
5827
4397
1573
250
2641
5175
820
944
2612
1942
2290
2420
5566
3806
1586
4217
1451
1616
2610
5065
3167
4894
4075
1510
301
1696
3574
3590
1162
1173
5969
3359
2032
2269
1427
4511
4423
775
2780
911
5553
4183
1392
3496
5765
875
1365
2903
4256
4461
475
973
2822
2123
1548
3578
3790
1606
196
3595
1951
4344
755
2482
1013
5673
5440
1429
5913
3763
5968
409
4416
1909
5224
5760
2435
5205
5487
4320
959
5946
2807
2167
701
5368
5693
3788
4533
557
975
3448
5022
284
2223
5332
2377
4584
2949
724
5983
4019
2777
3221
1112
2183
5857
1491
2926
4325
487
1678
3970
5644
1535
3678
4669
1069
3992
2197
1784
4829
1728
5427
3872
4698
5613
704
5028
5409
5546
3509
1186
239
238
2444
3314
4502
2851
1129
2112
5651
4150
5193
1455
3870
682
3466
2268
5714
1794
635
1473
2973
4831
902
4443
5178
1878
1771
703
2365
1382
4591
2824
2238
2024
2180
4596
2170
2328
43
1311
4183
5059
1927
3488
1671
2529
5652
2259
1214
3861
1784
3287
2743
2611
4473
1129
435
5842
2719
3504
2868
866
4939
1882
3258
4751
4615
599
4459
2662
2064
2757
2808
2279
1490
1436
366
2076
1587
1387
1834
2361
1331
2049
2929
5493
434
5841
767
1736
1811
5600
5838
3893
1983
1329
5353
5370
1245
3795
609
3253
5648
5433
3536
1209
3265
3498
5244
3650
4016
2842
190
4101
1813
649
3524
1852
475
4634
5892
3201
1855
3991
1698
4920
5781
4579
932
2545
3341
1488
900
4526
2484
5539
1493
194
4253
1012
1561
3835
1841
1498
2786
530
1541
806
4792
1393
1211
1550
3579
2980
972
3278
74
2194
1621
3498
1827
1277
1791
583
1579
5160
2419
2490
160
3450
925
3073
4381
3009
3968
4209
478
504
3371
2608
2197
75
1723
612
1020
4762
5057
891
1164
4684
1717
1933
1453
2742
4955
814
2863
4397
3461
2616
4905
2600
2137
4681
3199
3033
2388
2585
1241
3518
5007
2671
242
883
1250
3524
1759
106
5622
5096
1297
3917
3679
4179
1580
1059
3578
751
2008
5730
82
2996
2679
677
3754
2900
5785
3566
3094
1609
173
5244
5930
1515
4169
5056
5192
5974
2923
749
5652
4987
2145
4447
1578
2518
2630
5917
5875
3792
3470
4913
2147
694
3092
3816
2950
2858
2641
2053
237
2552
3488
1227
4163
4956
5184
2395
181
4098
3066
3066
2514
3262
579
3079
4879
2141
4612
1948
2446
171
5976
1490
751
150
3334
1866
4215
5283
3008
3433
2897
4368
4523
4883
1811
5642
1232
2188
706
480
322
539
1352
1448
209
3647
4277
1760
190
423
3667
2487
3456
2029
5615
4861
5254
5778
1349
504
4862
4432
5083
456
2198
4107
2753
3822
5297
2282
2022
456
3948
3125
319
3136
5377
1775
5860
999
75
3254
923
4636
1644
4889
2154
1233
4748
4681
1927
1679
451
2802
962
2200
2856
2364
5717
4574
1562
5246
474
4275
1551
354
1182
4288
2700
111
644
5466
1173
2530
3982
2113
1477
4382
2248
2891
4672
2806
2373
33
3990
3321
5166
3432
3659
5294
5207
2579
4949
2207
3172
167
3397
4698
1021
5695
3530
2789
110
5985
5970
4979
3618
4016
4627
3685
3169
5907
1929
98
4119
391
3200
5786
2487
1200
421
2711
272
3814
3416
86
319
3581
1332
1268
2388
1445
5187
2508
4361
5828
4075
2432
1153
272
4269
4694
1886
338
1312
5605
678
407
1769
5023
1414
5001
543
5538
39
3389
1356
1290
1648
3182
1094
4585
4988
4762
2494
2218
3502
5483
5448
3666
4754
4105
3085
1096
1526
222
3965
3782
4873
2107
3657
3344
4594
3081
4081
2869
3412
1714
2969
3252
3217
80
4769
5041
1532
934
5780
2664
260
2654
3937
2096
366
5875
1721
2836
1681
2977
456
5726
4072
809
1560
3157
5603
5833
1906
4441
1376
3563
4886
3963
3081
1837
4798
1203
4509
4081
5341
77
3059
1494
1741
2547
2475
774
1098
2881
5336
5073
5401
708
4956
2667
4142
5589
482
5169
4316
1397
4226
1010
4013
137
5456
763
1044
743
22
5923
513
3249
2019
3369
5718
3715
5651
1291
3336
760
3170
3896
5304
4641
3980
200
5106
792
662
2682
3653
2754
34
2030
3988
1043
2254
2084
5421
3815
2719
245
1064
1230
2653
865
4770
471
3006
3048
1595
3488
327
3277
3324
541
1680
5991
2589
711
5272
5946
5222
4471
2184
5590
5956
4979
780
5007
1263
2136
5488
3197
5034
2089
936
1780
3994
2791
963
966
5002
1106
5808
568
2670
3135
2672
1458
999
3546
1598
2219
2839
2845
1373
2564
3029
5265
4802
2724
1491
1605
1602
228
5198
5693
1772
2364
5302
4364
1722
3566
5422
5446
611
496
4742
3023
1813
5152
5016
2056
3394
2739
3280
1883
1609
655
3823
2708
246
1339
145
4291
1340
5155
605
4624
4226
2079
3725
1982
2331
5734
4224
2595
5131
847
4988
5446
806
2617
5751
2490
3339
3964
4136
2698
2210
3631
5225
1909
2738
475
1921
3373
4294
3856
735
3562
1057
3607
2185
1076
4383
2120
742
433
685
780
280
284
2668
837
126
119
738
29
2120
2578
4738
2092
2557
4796
4061
3902
2794
3433
2137
4581
2876
5908
3185
4075
2720
2791
2477
42
3352
2330
4291
4975
5073
3592
190
3788
1491
3240
2894
3054
5064
4682
1904
3006
177
480
1696
140
2469
1999
3084
5640
5516
3622
5994
3827
3723
5839
829
582
400
2979
5892
1024
2944
835
2244
1350
2703
2708
2503
1142
4688
2347
3892
638
414
5401
4817
1691
1163
2936
5127
1411
1878
5383
2261
3190
2706
1875
2664
2723
2196
4567
4361
39
589
1812
4246
3468
2426
2868
1190
4543
1064
3548
503
5618
3100
1024
5227
1204
49
3052
1571
2637
3459
1968
2457
3406
5532
5963
2820
1976
4557
1532
1496
2045
592
2804
3389
916
1451
320
273
1792
5384
4134
1776
643
5570
301
5955
79
3586
2258
1334
894
4491
4104
4751
5234
4723
272
1612
991
339
3642
5259
1048
2353
3659
480
1303
2684
991
4003
3569
4423
4896
136
9
362
4743
4195
5700
5189
2179
4043
1358
5942
1848
1470
4346
4381
1914
2965
1711
2062
1386
2074
3505
3463
2704
4103
5070
5155
3530
1553
2075
1150
3731
2245
4845
1050
2119
66
2364
1553
4774
471
5732
748
1512
5870
2399
4499
1104
3353
1680
4054
1044
2523
1089
1564
1835
3851
5023
1241
3912
3493
5652
4581
3478
3617
5877
1179
5221
2616
4349
2799
2180
1636
4858
2884
1663
903
4263
1421
1771
1023
3274
1842
687
4889
3918
1718
1893
1699
5268
5750
66
4390
933
1620
4082
2004
5131
1029
632
2590
5153
631
1173
1865
408
296
1429
5682
491
2611
2178
1072
1237
460
2644
4841
3634
3038
5894
4631
2275
994
4783
2204
5462
2291
1663
4308
2998
1152
424
2891
4718
641
4704
5567
4884
5662
4660
246
2387
2652
2766
1602
4841
5210
1498
3284
5251
59
2422
176
582
2788
3272
4288
4000
505
980
2139
4701
531
2462
119
206
1541
829
460
5623
2399
3761
3099
936
4482
615
1568
494
4597
1162
1747
4539
1671
2539
3477
3556
918
4372
4761
5753
1759
3434
2256
5066
727
2402
3035
760
4394
549
3274
793
4194
934
138
5104
3691
4212
1695
669
2628
1499
990
3249
3880
5648
5150
932
670
876
1599
1450
1437
600
2124
1444
1732
155
4862
4435
3386
5968
4817
5394
4705
5867
954
309
4224
685
793
4668
4049
2470
1931
812
1815
4091
5428
5744
1605
4600
4475
1196
507
5159
5590
3859
3810
5890
5448
41
3819
3365
5976
27
1090
2504
67
2413
841
571
2677
1396
4642
5987
5652
3110
2188
2084
3086
5391
1251
687
4756
5382
4129
1503
278
863
2425
3566
3873
833
886
2429
647
2890
479
4884
926
3266
1261
5046
2779
5822
1856
2521
928
774
1135
3252
4676
1337
4335
3002
2738
3311
5975
1591
2357
1072
2081
4936
2146
5283
1826
719
1574
4713
1038
4999
3906
1163
1718
2693
1540
4048
4947
1104
232
116
840
1859
2830
2646
3395
5200
1646
2273
676
3863
2073
1774
2481
5239
2898
3543
5609
1204
5278
126
2135
1402
3079
383
2170
2737
3479
5940
3139
722
1427
4664
1678
3576
725
1982
3701
1962
4863
4003
449
1096
685
17
3138
3508
1994
3285
2945
260
822
1059
644
5669
4678
120
5858
5042
2892
1265
1624
916
2073
5930
842
4716
5616
537
2958
3760
701
1453
5094
242
5830
449
5228
5799
4225
4325
275
134
4886
3039
171
863
2630
5085
5910
2879
924
3086
5401
5025
2194
5106
3413
3766
5768
3408
4678
1785
705
2791
3835
4892
622
86
3735
1191
2543
5999
4087
2019
3622
425
4598
3377
255
5670
109
928
494
2069
367
3103
2439
601
4820
2319
2291
2985
4340
2557
1809
4633
3479
2815
1788
1240
4075
1021
4828
2555
1989
1442
4799
1643
1003
4322
105
1947
1057
510
5834
5709
1762
534
2687
2805
2386
4143
843
5261
4162
1621
4344
3579
1188
114
1064
4592
5935
2416
657
5762
1013
4412
5960
4252
739
1371
2125
5508
2008
5585
4952
5102
2490
959
3442
1791
5014
413
2856
3061
1094
2473
1403
2677
1544
1374
267
3652
3276
3529
533
4762
5470
2504
2730
5108
3893
2452
5954
4393
4571
1520
1473
5408
4495
3506
4441
2384
2263
3410
4608
39
4361
5472
5172
2655
5948
5515
2524
3230
490
767
5888
5757
2633
1471
1740
2667
2523
1284
2161
5554
706
3092
1260
1387
1688
4630
43
4318
4046
357
1389
1453
3155
467
5834
3761
2920
1632
739
3268
1777
3099
315
4321
1054
8
4470
217
3723
1843
5008
3464
2261
948
1794
4631
718
5044
1377
1315
4627
5118
1335
2621
2172
2793
2965
1155
867
2694
665
5776
1001
213
3101
1552
1477
380
4944
5878
3790
362
5386
2273
5435
3145
5562
1564
2505
947
5889
2309
158
1431
5124
465
4075
4347
1838
1982
1319
2612
4293
5592
3833
3124
462
4992
1462
3331
4499
5370
5292
2401
2180
118
2318
1915
1596
1442
5937
3868
1029
1454
3910
1974
5982
5504
2570
817
1884
1368
5386
4403
5231
5158
4682
3568
2311
1867
3688
1172
3478
1246
2765
239
3672
2048
2116
4593
3312
2658
1406
54
1172
2581
4741
4531
1676
321
1791
1378
4999
4587
3605
4490
1632
5745
2389
2611
719
2920
260
5928
2610
4120
3480
4717
301
3397
4854
5459
2831
594
807
5850
2855
273
2161
295
55
2334
147
4230
4472
4429
4560
4242
5422
4689
4367
34
2686
2271
1330
2262
4861
2209
2983
4163
2507
879
5980
1898
1888
539
2470
784
5541
4796
1267
634
1510
558
2318
2135
2054
136
259
2594
5844
3694
4467
4952
141
5095
938
5175
2513
98
3552
2696
3818
5493
3293
2238
3531
614
1297
3711
2390
5629
5810
4787
1745
841
2183
4570
121
3394
293
2963
2215
528
2808
1195
2706
2714
1012
914
694
1665
2204
4996
5763
2382
2947
5910
1049
3769
2625
4512
1955
4236
1128
2634
4241
1863
3128
3578
5818
2341
4143
3101
4401
559
3477
3155
4936
4431
5832
3296
3538
3624
5923
2928
4030
212
4212
5755
2881
254
3294
3322
2786
2529
4444
1001
4556
672
3271
1453
3376
2632
1641
2935
41
1987
4835
2249
1540
4766
797
4313
1263
1053
732
5988
465
2558
2249
5557
2171
5451
3183
1302
1294
100
5333
1045
2332
76
1005
1051
3027
2067
5739
1802
1624
1844
442
3381
1696
1919
3660
1364
629
330
1089
4855
2614
980
570
667
1680
3578
3838
3403
5116
5293
1724
2873
5449
324
5154
3949
396
1198
4509
4909
5412
1994
1666
2782
3203
5611
829
3257
3706
2966
24
2770
5716
2254
1806
5685
5479
2146
3841
834
1286
2901
4969
5995
4634
1886
349
282
33
4257
5911
4873
2983
5902
307
4636
5861
2472
5528
1138
2344
3769
4234
3996
5172
1604
4943
12
1880
1035
2513
594
531
2162
5235
4259
3927
5907
5192
2444
189
228
2720
2485
5225
1094
436
1225
4095
3583
2868
2628
4006
5147
2687
4590
2541
238
4851
760
3579
4957
2678
2404
4043
301
3812
5226
3144
3596
3017
2616
4805
3007
4369
1642
336
699
1326
4314
4024
4313
619
458
397
2340
3087
2095
1847
3044
1523
912
4281
5456
2359
2848
4871
991
3874
4328
3414
3455
1897
473
451
5242
4642
5647
5526
4214
4825
5930
2696
1404
595
1994
2068
4188
4641
1080
4042
126
535
4861
5001
4908
2622
3693
1294
5118
1718
2404
3944
5894
4640
5012
2926
29
1979
4749
2851
4893
2445
4655
5624
354
37
1548
3347
827
4062
3905
4239
5572
2887
4406
5300
4057
5729
1268
3752
2020
1992
167
5718
1847
5094
3188
1422
4913
868
4300
2445
5898
1202
3329
943
1105
1769
5769
2642
4297
5263
4721
3245
3919
3626
3220
5585
175
4985
4460
1150
5015
5696
504
5033
1852
1538
2815
2364
4652
1220
291
1918
3684
1919
2585
3253
3587
1270
2249
138
2398
425
5169
2028
4149
1994
4383
5272
3670
894
2878
1015
1105
485
2944
5496
2812
1294
4893
799
1991
5300
2891
2494
5075
1550
1775
3315
2174
70
5219
2866
4834
3239
1912
1253
464
509
1150
5089
246
232
1921
4107
1272
369
422
3259
4158
3648
4983
239
123
5724
907
707
4190
5157
346
352
924
1119
1551
2098
5837
4592
1407
4511
1814
2652
1881
3845
744
1742
5246
2579
4950
3706
515
1786
3228
2625
5205
4357
5918
228
556
4103
2287
1469
5699
2980
3412
490
4759
1491
776
4411
5133
3090
3297
5951
5113
2123
530
1673
1837
278
5554
1977
4671
3086
2653
1752
398
1752
5002
436
4694
3073
5917
717
1329
1512
2126
5839
3297
940
5545
1057
827
903
2759
589
22
4587
2109
5778
629
3980
2948
550
1281
1246
1129
2063
4427
4720
4678
5092
4048
1786
5232
1407
2685
3955
4770
2710
3957
4422
3946
1466
4017
3861
4498
336
5191
5678
4050
3006
1887
5389
676
1144
5378
4131
4488
2556
4483
1254
3001
3755
290
2489
1216
9
1311
941
3800
2998
3708
2455
305
2238
4486
500
793
5614
2613
683
984
3352
4130
5138
5034
4601
1865
5684
5858
2969
1711
3969
1709
2642
3733
438
5685
2500
2702
5870
4584
5257
1693
1641
88
3013
1811
5821
2836
1664
4616
1898
678
2775
4135
3554
1534
4879
2287
1625
2735
76
3350
713
2985
625
3793
505
4823
4056
914
463
474
2085
161
1123
2054
1398
5823
1751
3338
1918
4007
4932
4198
3506
5237
4358
600
4291
1899
986
3448
1085
593
726
2997
5856
829
3339
5343
2429
5796
743
38
5507
768
5054
3794
4506
147
3610
1925
1855
5466
240
2207
210
3493
4500
176
1037
5062
1648
3619
1014
2728
3713
3897
3910
3842
2131
3091
3035
1916
287
3524
2667
1345
2737
4038
5417
5894
1950
972
4845
4778
1286
2201
2591
4286
4326
5119
1669
4007
3730
9
2542
226
3537
5981
717
471
3385
4748
2329
3937
205
4701
1524
2365
1412
4041
251
5505
5484
3767
4142
2671
4846
4507
3089
5257
1108
2267
5858
4679
2200
675
2156
1192
2991
5833
859
4997
2918
4291
3968
1708
2235
4247
5463
1403
2240
3427
1096
907
2315
4351
4587
5280
5777
1823
880
2302
3813
5677
3165
1358
2571
39
313
4145
4562
4181
201
644
3857
62
2648
5940
1809
3291
5453
980
2619
3420
8
4285
548
5978
3676
614
710
1372
4643
4340
337
2622
3502
2035
130
3359
1437
4470
4898
4505
4799
4203
5106
1239
3033
2066
517
2482
3580
3024
1728
1772
1314
4383
141
817
4489
3320
5590
5514
260
2852
2272
5284
4365
3039
3013
3185
3760
5502
3575
4734
5060
3715
3650
596
4523
542
2417
3378
1053
566
1892
139
1311
2968
3056
1788
3225
223
4440
3442
649
2805
3835
1369
1442
2873
2669
1975
1177
5138
2634
3242
5746
19
1016
4975
1253
847
2957
1525
967
3582
2145
2241
5335
3297
5877
1028
1206
2019
4292
1642
1466
4192
4472
260
5701
2218
2017
1944
2625
5065
1506
1158
1503
1667
3276
2047
5633
5790
47
2146
4
1153
1902
2327
5154
3185
1650
351
4406
347
1026
4971
2337
4796
3794
5324
5533
4857
3897
3211
5777
5693
2551
3291
1796
1853
5351
2316
4037
5362
3761
3985
2730
2535
51
4083
4807
1937
1585
4791
3618
5183
1067
5117
389
3426
1102
5611
451
1983
4622
5194
3039
4755
4594
2896
2281
5639
1168
5421
4346
4884
5866
697
834
4391
4633
2190
5840
2184
1818
4130
754
4680
614
4601
2253
3146
1862
2152
4319
4964
1814
2908
5555
1477
618
5212
1430
2265
3967
1532
5943
4699
1523
1156
3588
3258
5159
4465
1763
2511
947
1066
2381
1166
5947
1541
3298
2043
2465
5195
585
4271
2716
2201
1207
2107
1303
697
2834
1612
1068
416
646
176
355
5449
920
1080
3989
2322
1593
1598
4198
1510
2653
72
659
2123
2860
1998
5000
1900
4121
1321
2037
4985
4913
1916
5954
1486
2742
4200
5568
4209
845
170
5682
4880
3109
5208
5260
1707
5850
76
4027
2125
3608
5775
2885
2129
547
3146
2482
5715
2150
169
1339
2308
2794
5505
1106
1698
218
3956
4642
2344
2134
2098
680
2737
1556
1634
1955
931
4253
1905
2280
489
871
1755
2073
2177
2702
3416
87
4232
5481
1976
261
2515
2939
4658
2991
1439
4982
3448
5243
619
4071
1632
62
3220
4782
2991
834
2673
1564
3303
503
2929
722
899
1448
4946
4407
2223
2687
5795
5578
845
684
3548
1241
486
4465
1724
2338
4654
3169
4131
3256
1467
4859
4513
5657
3319
1202
143
3277
1507
2703
4685
3024
271
2313
2251
1476
2312
2851
1196
5489
5521
2102
2184
799
3893
849
785
246
188
2463
4344
259
4860
2872
2017
2173
4833
442
5684
4089
4016
1977
517
299
40
1284
3206
1998
5147
5770
5676
918
3388
3021
31
5443
3736
2390
2374
3481
74
4778
787
2382
1786
523
346
2980
4086
3714
936
1736
884
2187
4097
2649
2086
2753
522
3261
3983
637
1689
1920
5237
2793
3066
1279
4199
1497
2387
3012
4977
1548
122
5203
1246
703
4565
1540
2573
2258
2371
3921
1655
1360
5081
1299
5392
5961
511
5592
1868
4034
1676
137
500
5776
1791
2377
1257
2273
2704
5087
2968
3516
5543
5496
3567
457
2187
2438
1199
627
365
1086
1666
909
2341
1361
2815
3155
13
1753
3339
2707
526
631
5250
5180
3080
2314
4839
2518
2422
2146
5992
1970
3840
309
4566
5763
1474
5682
3971
5148
3054
4709
509
4716
4430
1067
3690
2664
5772
5542
4260
632
5573
2515
4967
1989
171
4169
4200
656
3851
1445
937
4279
1407
5428
4314
1524
2372
5328
5074
5462
2174
3935
1103
1588
1418
1464
154
2127
2596
1496
5214
2407
3371
5860
5306
4497
834
224
4853
5880
520
127
1794
1586
3466
1372
3445
5108
5272
88
4100
4520
2597
5716
5553
4493
2754
2258
3591
960
1358
4887
1810
5866
1687
2020
260
4314
2436
1029
4102
4469
4870
457
732
1579
2075
5396
844
1275
1317
3025
512
586
5723
2972
4058
2096
2175
5039
2184
2659
5296
1723
4984
232
5504
2233
301
3591
3481
5409
3506
2703
4859
3819
4558
3562
121
5029
5657
1714
3333
5093
5183
2468
5321
1359
3075
3988
3095
4984
3365
3265
1715
2747
391
4426
2256
1164
1468
5793
2232
4620
2881
4719
4129
1949
4721
3080
2092
3767
3588
5809
127
2826
1160
5519
3221
4036
1315
1457
148
5157
135
3361
752
4209
1479
4295
590
5525
1977
3695
4091
2190
5373
1420
302
3703
845
2524
2540
2610
5828
638
2187
3417
1828
3170
5624
2900
4515
4416
3645
5437
5670
4379
1677
5859
1953
3847
3138
5916
4989
617
1289
2383
4075
2334
3916
5057
1657
63
3617
525
130
3443
1985
4873
1050
5397
27
2583
4203
776
5417
666
2553
760
756
5418
4845
3555
1444
825
2000
4423
122
3734
1414
1918
3794
3874
61
1176
3075
5986
2502
1623
1209
3396
5027
2721
2292
1989
4930
3073
978
4194
9
255
923
877
3138
817
1804
3091
1913
290
5254
5980
1300
323
4903
3603
370
655
730
3735
439
275
5227
4464
4135
4973
349
4454
3504
2308
1519
334
3438
2696
1180
662
5145
5660
4962
3908
577
1473
2646
3593
4973
629
197
812
3536
3836
1230
3717
5533
957
4159
5750
621
5297
1725
1121
527
4407
2984
3446
575
3692
2589
539
2665
105
2878
2354
2943
5005
624
2853
3626
5612
3843
2725
1150
2136
1591
4147
1329
5856
3805
1742
4910
1382
780
5103
4084
693
4533
5313
2100
162
5048
4406
3291
5570
5960
2629
4140
3229
3581
2472
3779
3441
457
4149
5445
746
4126
1211
4699
1617
1181
816
65
4227
5473
3480
1594
2483
3006
537
3334
5106
3588
733
3639
1166
1065
2519
2400
5033
5509
1897
1439
5979
4639
2246
4060
170
745
3363
770
5050
2519
4468
4559
2144
5062
1604
3191
4187
1227
3604
5005
3301
1769
424
1348
5397
4567
1231
3666
2153
2001
3618
5174
787
4669
1598
1580
2225
5729
2261
159
5426
5268
1313
735
453
5170
5563
1571
2212
5236
891
1712
2065
4751
4961
1546
2768
3755
788
2218
566
5943
2089
4274
2816
3580
838
3389
1270
5887
1831
4810
4641
1322
320
5882
1627
1021
1412
2455
1894
3985
2358
5000
337
830
5951
3458
2406
4366
2335
50
1095
4593
1271
120
5018
5314
3254
4118
4978
1161
3506
154
592
563
3577
4855
2073
5135
5017
1051
3194
3946
1853
2748
2522
2062
345
2260
4367
2886
2440
2719
3108
5269
3555
2051
1433
1800
2021
4736
1099
2793
3917
2183
1030
1317
3060
1759
4584
4400
1136
2358
2071
3272
4343
5781
1878
407
4296
5687
2404
2253
3719
5036
1286
4429
4679
1961
102
2950
2365
2386
3627
5158
2738
4842
939
5594
5097
1034
4494
5769
3874
5936
1110
97
2382
3562
1740
5585
1924
4500
4732
5850
1443
2607
851
4288
2041
4770
3224
1589
4468
84
3401
5159
3607
4939
1464
2921
367
3759
1686
3024
2230
1299
5357
5471
5176
197
1684
3989
1620
2947
2191
2276
2470
1520
2342
2198
2546
1655
1159
2059
5795
5792
1342
838
4901
1233
676
1737
5439
3959
581
3086
3014
5285
5254
2728
286
2427
1671
2537
3282
5371
550
1349
3078
2200
4836
3574
4138
2352
4732
3618
5234
572
3377
1530
5732
5045
2343
4468
1
1529
917
635
5000
5758
5241
582
1624
3942
1132
3750
1540
3300
1576
4100
2364
1246
2727
202
425
84
1390
2736
4025
896
4746
171
5484
4718
4393
4753
5325
1774
3741
256
4469
4071
4844
4031
3757
4766
3115
2981
1459
359
2125
9
1312
668
3718
3929
5591
1100
4581
1871
2991
1413
2001
65
4276
2085
1683
5912
2107
3869
2645
5827
4437
5367
5593
989
839
3866
3213
5948
1447
1660
1053
5772
3257
5111
2058
4667
2251
671
1146
3926
1149
5875
1775
1044
3430
5537
764
2017
3859
5935
1302
2062
2656
3816
3175
583
4140
83
2025
2901
1576
1338
3377
5301
1425
3865
2538
2696
526
630
4852
5789
795
1745
3707
4076
4072
491
1885
2820
1980
3196
5159
4808
846
3375
5439
3157
2821
433
3767
3223
4958
554
2272
956
3390
3626
2030
3129
2040
1528
2395
2491
5649
4055
5518
193
2531
619
3149
57
4991
2283
5744
2440
3302
3494
1928
270
394
3034
2432
3593
1136
1027
5843
1081
617
4962
4718
3908
5921
1246
4167
122
3783
2783
3007
492
1871
2616
4196
1144
5764
2772
5593
2936
1218
1413
5882
1468
2722
4953
5323
1829
231
430
3425
5700
2154
4152
1795
5042
3265
2384
2721
145
389
2078
214
5203
2659
4203
5754
4250
5059
4576
2091
639
824
1396
702
5206
5559
3124
288
1042
2027
2531
210
2821
936
1044
532
1675
3903
2101
5072
776
3010
431
4795
4623
5737
891
5016
2453
2755
3783
5934
1189
5856
5961
5946
3924
543
2660
488
5944
3348
585
3390
1669
3789
3199
281
3480
2708
1814
861
3448
5847
1272
2183
345
1143
4449
1637
354
1550
1889
2824
5826
3252
191
1640
2047
3363
5776
5625
2079
4986
4104
2782
378
2351
49
2171
495
2217
730
5727
4039
5916
4673
353
3863
422
3668
5129
3466
2330
260
83
5390
987
3420
736
2141
667
1633
1486
3823
2004
5162
5897
2142
2151
4433
5873
2362
4771
2314
3166
1646
2121
1811
2129
1971
622
3597
3005
2515
2800
5211
1270
1553
2236
472
4345
5831
383
3262
2396
3152
2667
84
4711
2759
1373
2296
5907
15
1453
2285
5906
1813
4022
342
576
4291
5526
612
4168
2983
5784
5388
4794
4051
1680
269
1275
885
2630
2336
461
106
3512
993
3825
3551
1017
2061
1802
760
5310
2924
68
1301
3226
2257
1141
4049
1656
1808
2450
2492
761
383
4837
220
271
1680
1726
5520
4810
4702
632
2325
1808
726
4302
284
3970
489
3165
1964
125
1535
3771
2852
1998
5725
5512
2068
266
2841
3380
956
4029
1662
2433
228
161
4140
2667
4238
2049
849
405
1049
1566
4222
4134
1176
242
2515
148
5363
5955
5677
3455
3659
1722
2785
4689
4467
4117
857
181
2430
538
1630
390
3844
1005
2102
5385
921
1988
5137
5053
1583
1529
367
1473
5194
2959
4180
4984
5988
4824
398
5097
4595
2902
5654
2521
504
1473
21
1933
4954
4825
5034
58
3666
2733
281
1168
4967
1691
869
5927
4829
3480
2145
5704
3450
834
4
4911
3241
3028
3611
528
3283
2394
5188
1864
5962
2566
4600
1252
3319
82
3559
4104
359
3239
1179
5465
5458
573
1222
4923
1757
4868
3261
3299
1344
5235
2842
20
1353
2063
2412
4812
3794
5406
882
3652
1761
5899
3272
3843
5695
5085
3536
4501
4956
1156
2324
651
689
5940
4011
2018
2933
2949
1211
3496
2420
2649
4190
4172
3852
3696
5224
3638
4650
3801
408
4135
885
5178
2813
2642
1305
4497
5163
538
552
1852
2733
1566
939
3446
3229
2195
2527
2179
3746
929
4206
3150
3258
5313
3402
1200
728
2693
4354
3796
2543
4568
3150
377
2256
2743
4749
104
4816
2048
5074
4966
4750
138
2170
2332
1971
2054
2769
4053
1179
5157
982
696
5587
1930
732
4279
5860
2753
5090
1959
2239
1055
3973
4209
1657
172
148
2504
1512
2175
4820
2108
206
4600
789
1262
5046
436
1493
5733
77
4668
404
368
900
3055
4168
1213
2115
130
5794
5978
5855
3013
832
2890
5327
2648
5300
2490
5675
1837
613
388
5958
3504
1492
4483
2830
3028
1362
953
2497
5647
3184
3598
5555
1033
103
5946
2477
4225
3082
4196
1624
3633
4344
4603
3370
3283
1990
2438
3600
36
3180
1655
653
5400
4351
133
4946
5294
3872
2650
4591
5205
2178
1706
5320
4751
529
2229
5723
5669
2786
5775
1185
652
885
3038
4916
3190
5682
1075
1760
5851
4547
5261
428
4234
3422
3162
3819
3547
3351
3264
4462
3847
5459
3595
3372
5946
1503
2247
2421
1255
1954
3761
3587
1420
4736
4617
2114
1336
4593
5019
3266
3371
4337
2526
747
5645
1513
5483
2816
5106
1727
5202
774
1307
3081
1594
5991
4592
215
3224
5858
2701
850
2323
1286
763
2703
1269
3375
5153
5849
5236
4639
4763
4238
273
1793
201
2344
5520
1482
3371
2992
5146
1985
715
3086
80
400
4283
2387
3120
2651
194
186
1517
4609
5889
3500
426
2897
3770
1332
3815
5503
5971
1538
5599
1078
5399
852
5889
2464
5054
3506
3742
3268
1663
5656
2082
3696
1619
2873
1095
1671
2539
1122
1446
2524
2244
366
4719
5136
4938
4600
1500
1193
555
1125
32
4067
2430
723
5557
1819
3876
1693
1911
362
1133
1729
523
5150
3278
1827
5349
1279
5778
4339
3176
945
126
140
1822
341
3641
1967
5082
2149
5548
3952
908
1552
3111
558
3078
1010
404
3577
4541
2024
4575
3455
370
5907
2486
1000
4049
5931
574
2659
1817
2885
V
2374
2032
4605
3784
3792
1423
2011
2988
2365
569
5995
580
24
1710
1658
4142
5286
2478
2024
3273
2829
5436
1550
518
3010
3744
868
1266
3591
892
370
1539
1605
1777
2213
4992
694
5410
5621
4198
4663
1129
4101
2760
4843
441
4090
5495
4643
1621
3487
147
3965
5487
1272
944
3467
3475
3446
5789
5350
3828
955
1505
3282
2247
5758
3286
4115
4351
4833
5674
2944
313
3233
2884
1240
1769
2590
5684
210
3988
796
1246
1913
4640
936
4249
1480
1208
1231
3955
1602
1941
2044
1719
5413
2378
2624
5473
5984
3886
5687
721
4258
2703
2440
4607
277
1925
4653
1038
1036
1700
1317
1891
1368
1607
5222
5976
1521
2793
566
1548
259
3685
3532
2830
1783
2706
2163
3690
3924
871
1343
3283
2197
181
1970
1073
716
4052
737
5756
3175
478
1155
730
4883
3852
1770
5238
4302
3677
1605
3074
162
3198
2596
2126
5486
3063
5230
3561
1719
5074
2080
2710
3663
4225
5575
1683
1476
4816
5344
3447
3533
2569
2685
4362
5473
1287
2267
90
2152
4605
5234
1595
3077
599
605
5534
469
1185
1418
2965
5617
5015
2067
2997
4874
1149
2511
4397
3942
1792
4867
1590
4021
5356
3949
4252
5082
2272
1826
3229
1174
1455
4310
431
1239
1992
1740
854
2449
568
5055
5878
4491
1198
1057
4774
590
2863
3537
5430
889
4540
5586
3842
4168
5521
5561
3048
2582
383
1607
5990
2785
1404
3961
3463
2733
2393
2844
2064
4924
2612
741
693
4444
4271
3920
4850
2113
2577
5846
2487
5557
4604
1365
4499
2509
879
3339
724
3006
4412
4194
5118
944
1228
4515
1291
2417
2802
340
4545
2237
2013
4275
5434
5741
402
2184
3136
829
634
438
2135
4578
3672
2723
3264
1660
541
5369
4283
1849
2367
5291
3228
2459
2072
107
306
5002
1435
1771
3556
2508
4300
1731
4076
2804
3440
2195
4489
4665
2674
3049
1359
2281
2488
1765
5714
14
453
171
979
767
705
3417
4650
4378
4838
4538
1460
2433
2956
4106
2527
5938
1367
3915
5156
1291
447
183
1636
2094
3937
3847
3239
5457
404
1715
1600
42
926
75
325
4345
5864
1750
5277
4598
2335
4648
4427
2044
3245
1593
4762
5270
5176
1140
697
1482
2472
269
4714
3667
4031
4807
3110
291
5060
1685
4547
2760
1104
607
392
2094
1197
2584
5951
5558
1436
13
668
4870
4166
1904
974
3792
2517
150
4516
119
244
3389
2498
3712
5092
5875
564
3126
1008
371
3122
1728
2659
337
276
1222
5577
1800
920
2242
4612
5713
210
5636
5264
5831
2515
3337
5784
1033
989
3340
5706
2671
3941
3869
4392
1729
4986
5538
2321
1125
998
3355
4704
5495
563
5866
5555
2701
2303
5715
1630
4795
3027
2464
529
1749
1680
3352
2200
4
443
1281
4017
3291
3099
3859
1731
2554
5552
5263
445
3650
4486
1056
573
890
2859
5553
130
2641
861
2047
4628
5045
423
1937
1474
1155
334
2757
5052
1392
4535
5932
4323
3080
2203
5177
3581
1270
5389
3430
3886
4003
3611
4328
2275
5761
100
1043
3056
394
1066
4929
573
5285
2727
4799
2524
2202
1588
4089
1998
5653
1176
1751
4679
5456
2894
4631
1407
3532
4490
3166
4522
128
3965
441
3114
390
4711
2489
1764
321
2189
5822
5265
4
3755
2723
1317
5855
587
2426
3525
3819
3303
121
2660
489
683
342
2575
501
1567
2223
5755
1553
851
1517
1227
5487
603
1738
4902
5902
4750
3968
103
4266
3882
1844
4711
2509
2490
3859
4185
122
4107
587
5988
1372
2491
973
4519
2074
2354
1282
2663
3997
4214
3452
5116
2805
1786
2334
3565
4505
838
5454
1785
4334
4973
2922
1545
3371
1258
89
130
2298
3341
1924
3902
3344
5877
1732
3501
3649
1614
254
2312
3694
333
3452
1815
1600
217
5213
835
3850
2253
2913
4142
5210
3451
3181
5570
3536
4563
5366
1112
818
5012
764
1322
2607
1346
1444
3851
4594
665
2443
3445
3834
737
503
3026
3560
5954
5008
3007
1544
3130
2752
3071
3396
3229
5542
60
3221
4716
2945
4179
1659
5385
1739
384
4639
3738
1636
5031
1783
2316
2081
2022
4426
5753
3205
5447
1413
1005
2046
4826
1245
2550
2995
2530
2133
10
4317
2430
1762
3134
931
4747
5533
1284
874
440
3881
2836
988
2571
1590
1630
5561
5522
4598
2190
1164
445
622
706
2816
4714
4335
5000
1138
1616
2165
2059
5512
2384
847
2944
2738
5832
4656
252
352
1291
4053
296
421
62
2361
5768
3274
2035
2134
1192
3302
379
1388
3880
1501
616
710
73
1062
1953
4971
4824
65
2538
4051
1611
4792
979
4444
1162
4822
2719
4299
3184
4934
2696
2710
3073
1469
2704
865
846
1850
3051
4647
1143
4445
156
2460
769
2886
302
769
3848
2607
3188
2536
4310
4365
5634
1352
1141
626
1725
3347
3201
2839
2032
5222
3218
5625
1585
2816
2345
2353
20
71
5368
2920
2175
488
1031
4346
4717
4045
1700
1163
3686
4116
1322
503
4542
1805
1574
4734
5453
1812
230
2225
4160
3984
1666
3846
1951
827
2592
2898
5214
4372
5987
2663
3191
5585
3907
5419
3623
3720
5667
4219
1992
960
3567
5104
5280
499
4868
3346
2104
5431
21
26
1535
5822
1834
4236
4288
4394
4828
3349
4625
2693
5919
801
5245
432
3087
3696
5509
3754
5598
5193
1122
2820
2908
5072
5023
2562
1992
4053
5252
1524
4966
957
2981
3062
4466
3524
301
1829
5236
3954
613
1683
5877
158
5290
3293
3200
1777
2462
2843
1132
3661
2701
5639
3081
621
2546
930
169
2142
763
2835
1634
2271
5083
4001
2561
1365
142
4100
337
1666
834
5030
4828
3255
3029
4320
5985
3111
169
418
5398
2126
1407
5411
4464
2049
4691
4970
5345
4600
2644
4156
465
2538
5559
5207
4912
5415
1948
3294
3130
2588
2081
86
2765
1235
5077
2016
119
1385
848
2649
2548
5556
4833
2782
838
3428
1897
5860
2325
3800
3654
1702
4842
4405
3730
1216
566
3651
1533
3084
5720
297
440
779
239
5242
2804
7
4621
2671
1850
1206
4525
1079
5788
3985
630
140
1899
1974
4639
3816
3003
42
486
3064
4212
2067
828
3584
3931
2566
83
3983
2832
4236
5291
5813
3257
3803
1449
514
2127
498
3065
3216
294
1908
2438
419
4339
4425
71
5184
346
3329
2060
1484
1222
538
5561
1350
4924
884
3906
3848
5314
2787
2985
2410
4235
501
1971
840
3158
5669
3857
4486
5593
1023
4734
2736
5384
3828
500
3062
4091
5136
101
3480
2574
4907
886
5246
1210
1837
1982
2940
3700
102
3408
196
1220
3085
5428
5356
1561
4134
3453
801
604
1689
5399
876
5570
305
4991
3844
5558
1858
5320
5876
150
191
3947
4799
1468
2347
2510
81
480
1982
5208
1720
2139
2426
1700
2771
2015
2511
356
233
5766
619
1721
4238
4265
710
704
2545
2051
542
4302
345
5428
2142
2911
1697
2825
1684
1099
4641
1132
1571
5755
5536
2904
1446
3610
3415
2033
4918
5631
1319
433
2414
91
462
133
636
3518
2646
3322
1819
3806
4334
4722
3247
4971
3789
2395
1009
5228
2836
2578
5676
206
2051
2643
1255
319
1391
725
980
1366
2755
3172
2023
5845
5268
4510
2411
5873
4553
3875
4978
1698
3371
3942
2268
342
618
969
1066
3322
656
4728
2915
2284
2138
933
2550
1163
883
2036
4593
1136
2931
2535
5521
5729
5689
1725
2635
1234
5604
5126
123
783
2761
5066
1931
4265
5424
5323
4487
4909
2639
2632
1566
427
4363
564
2379
2420
1852
2742
1316
1077
3169
5522
99
1588
2532
1240
2340
2553
2831
2475
2782
3743
3119
2901
5701
235
1607
4681
3791
924
5400
2169
486
1635
1456
1545
2445
709
2801
1220
519
4350
4948
1581
5300
3449
685
2120
5133
5341
5889
3771
1298
3434
3141
2623
2546
5541
2728
251
3083
5248
4100
2051
5731
2397
4305
4332
806
4052
3083
1140
768
371
677
4144
557
5974
3117
5958
4287
3367
2434
4844
673
1815
3299
5472
2938
5262
810
2921
5587
5328
4442
3054
3324
2529
5492
598
1100
1882
3824
1311
3672
3579
5994
3091
3654
3235
267
248
2114
3423
4746
1975
5489
3023
5378
5520
84
3967
2806
2795
1647
2325
1442
1090
3099
3798
67
461
2392
574
1466
2606
2807
5439
4397
3519
4263
3945
3727
5016
4894
1324
3570
1125
4219
1370
473
1671
3162
4016
3826
4730
1495
38
196
3831
4550
5301
1702
4795
562
1304
2993
1960
4949
1207
2614
4970
3640
1456
562
2652
4411
2678
4577
4540
5223
3503
2225
3197
850
24
1913
5724
5715
5372
4809
1621
982
1157
5299
150
2146
498
1467
3444
1449
2393
1532
4205
1696
3295
5451
1150
1952
2582
1599
3846
1676
246
1585
3434
101
2400
3568
2298
2010
2942
2232
2100
4899
4975
388
760
1263
4146
3730
1660
3325
768
4967
3969
3928
2095
4850
1797
5543
5924
3397
5418
3412
5369
49
3782
5834
4575
689
3885
1669
4469
2426
205
1845
922
2961
1912
5923
1952
2701
4343
631
3426
4431
1452
5721
4199
4528
1481
406
3383
426
3615
4613
205
3193
4010
2939
1006
2867
4667
2172
3081
965
3542
3027
1887
1936
734
5252
4725
5077
3293
2160
952
3597
3528
4808
4288
28
1921
4806
5128
838
5711
4584
3804
3138
5484
3342
5636
4622
5278
4279
81
4435
4712
4230
2854
3931
5409
2731
1449
3633
1142
2671
3417
3064
1819
816
1985
2510
5975
1742
3886
1409
961
1749
5086
5779
102
2172
2506
3402
797
4173
3110
2732
2988
5671
3526
4185
3803
3728
1747
1689
5353
3198
2990
5896
399
4952
19
1374
4258
1720
5874
916
3069
2884
1611
5860
2126
3597
4840
5584
1519
3160
3519
5062
168
4604
4167
5939
2227
1194
5883
3877
3761
2739
2558
3781
555
3079
62
4869
522
1674
3099
4758
1259
1420
2346
5902
190
4217
1957
5240
5726
2126
4533
1179
2422
2717
3763
4288
4209
4739
1531
4606
1491
3800
5570
2408
1254
1414
3657
1786
584
4349
594
2800
1363
5607
3667
3736
220
3672
2665
2600
609
3848
15
2915
3213
1508
4623
2328
4493
2321
3000
1899
5272
387
2193
2553
4218
2525
2989
694
3090
1689
4415
297
2269
4347
1359
1738
3746
5569
4798
826
5648
4222
1238
2644
5908
3671
4550
547
1040
2253
13
2021
5432
2477
692
526
2846
2100
4417
1775
5057
678
873
1737
1009
897
310
3133
2359
1789
745
5
2931
4728
3650
520
4869
175
1902
2362
4256
5967
2928
3314
363
2781
4819
5729
5290
3714
4942
4224
2797
732
841
232
136
3633
1583
1383
1251
645
2853
5458
3602
2269
3034
774
3895
4420
2527
4884
534
4783
3513
5437
4826
3053
1813
25
5846
1297
4203
5774
5759
4306
4678
3359
3112
5282
5651
5571
3981
4254
2328
2360
1717
5798
119
5719
3778
2382
4066
2153
714
4372
2177
587
2875
243
242
510
1098
2663
1249
2243
5149
2593
4537
3621
4618
3230
3625
5782
4639
707
1562
2351
548
4459
1040
1906
5982
2469
2415
3602
1317
295
1968
3046
4168
4040
4164
4601
3775
445
1000
5526
2081
3218
2825
2450
2087
3675
1258
2186
1216
59
276
5231
583
2212
3038
271
2963
4592
29
2662
1613
5697
4877
2101
1959
3172
192
5249
2123
699
4551
5759
5729
1146
5743
1439
5861
5474
478
5494
696
3405
5214
4033
5526
4905
2296
5222
5849
169
4085
2621
4092
2839
1233
3120
338
5567
433
5263
535
5832
3638
2695
103
5012
2515
4643
2270
3835
3548
3731
1504
1042
607
4412
4298
2738
4103
4016
1064
2118
4318
6000
152
2644
1539
783
5455
1888
13
3913
2923
5838
4175
1092
809
5719
1852
4278
1624
1853
5212
4231
4590
2002
4016
2488
4729
3030
3922
5988
3864
3328
3489
3478
4715
847
476
3083
3832
3840
620
170
1648
1363
407
561
4753
906
562
4721
381
5442
551
1340
3739
3125
4952
1006
4941
2990
2626
1483
1105
654
5381
3431
3612
607
5059
1788
2052
328
5431
5623
4748
1408
297
5715
1206
950
3407
811
516
3936
1589
1786
335
2914
5024
1477
3964
2178
3727
2923
5708
5530
3267
5628
3426
1901
3249
1976
5531
1758
3414
1097
5017
2093
2906
1252
1808
1731
3704
5548
4453
4256
2685
2536
595
147
1791
37
4048
2506
4608
3279
4959
4282
5747
300
2423
593
414
809
53
4042
5792
3577
4925
4658
709
5947
5959
2633
2264
1628
5832
442
2680
4638
3101
2638
4910
1751
4655
4541
1598
2828
2980
1047
2140
1839
2082
899
1793
3222
698
4294
814
207
930
694
352
4817
2195
4239
5989
4676
1972
422
3981
1684
2967
5100
4757
2610
2467
5669
3360
396
3185
3929
3095
333
3867
2459
3267
3464
2914
5432
1287
1361
5167
4450
5123
1261
1884
4174
2967
3707
4947
2475
4709
3347
5671
4821
4267
1070
3379
1928
5039
4885
1360
3768
5979
4031
922
2192
2891
3094
1445
2810
3508
41
2524
223
648
4151
3226
1263
5383
4970
3741
4002
2856
306
3527
288
1864
4980
4967
479
5346
210
887
907
2721
5644
1607
4443
1362
4984
939
818
4796
3710
2800
498
3796
4743
3253
3368
141
104
4856
4756
5053
4857
2446
2263
2998
651
4790
2066
4706
1128
4448
2428
1504
1277
2266
676
5247
1782
5804
1816
264
4761
3317
2582
1778
2534
3829
4785
4704
4445
477
375
2109
1536
4403
1936
4442
1787
394
3321
3415
2945
3858
913
2305
1497
5692
2707
4827
2217
3584
134
4512
4977
2306
5666
5207
1099
2419
5620
4792
3025
4468
851
5935
2496
976
5076
1695
3788
5466
2763
1640
5509
5461
1683
587
5496
3123
3936
5949
1560
5120
5139
5467
5374
751
2061
3342
2094
4549
4407
1919
2269
213
66
620
4128
572
1115
43
1751
2750
1729
1262
3978
4737
2026
1607
2466
3784
1954
1406
5627
1154
166
4546
1128
3781
4432
2381
184
5348
2724
5082
5064
1545
250
2427
441
1663
3292
3030
5699
3599
2979
1728
826
2461
2270
5181
224
5348
403
4166
3083
3424
2056
4188
2808
810
3331
92
112
1545
3345
3076
5690
5206
2757
725
5218
3857
2049
2761
2281
3651
89
967
3068
3779
1174
3844
3049
5933
1577
764
5599
336
1617
1858
4981
167
3662
1492
1934
3930
86
3251
892
4694
5289
2289
787
58
560
4828
911
2227
3291
3242
4265
667
75
2693
149
413
893
217
2159
828
5160
2043
2840
4164
3449
397
4251
897
3197
5679
5109
5487
1438
1304
324
2
5042
3846
5631
5095
4401
2994
2055
2395
5205
5543
2125
2570
2582
2644
3828
202
4503
1024
39
3562
5835
1102
4206
901
4733
5457
637
5211
1918
594
4478
5793
4911
991
5409
2776
5890
70
1392
4140
1836
4307
4040
2174
3070
1574
5445
1828
4196
5337
396
1103
4317
5008
3023
4765
3949
1009
1773
1009
1791
5158
5048
832
5087
1697
907
1468
3815
191
3468
3606
5512
4384
654
1440
4827
1943
5930
1441
3528
4541
1887
444
3048
4154
471
611
3606
4710
4972
2472
1243
2333
4843
2421
5226
882
1719
4589
5352
5253
3858
2866
2976
3431
5352
2103
5751
5789
2748
73
5291
1220
1718
1994
5761
4757
4093
1694
1200
5033
850
4874
2344
1934
2445
857
2487
26
2365
4001
4333
5023
3146
54
5710
2896
748
4509
3320
1635
1137
3124
4245
4983
491
3376
547
440
1049
2566
963
1169
3720
3470
3983
2114
3288
2341
767
1634
291
322
637
678
5996
907
1464
5250
5621
2057
134
5567
3956
58
1422
2462
4502
2661
917
3164
4739
5379
1398
5335
3589
5500
471
3200
2116
367
1466
3233
1875
1079
4338
4801
849
3994
5959
4758
5672
1059
683
2618
1066
2707
1821
5313
2205
1603
5198
2137
2644
5117
4979
307
2625
1116
474
2161
4679
4337
720
609
1189
1783
4322
2617
4224
713
5187
3171
4767
5043
269
4459
4877
4663
1947
4982
5754
4705
4839
2598
4323
1596
2912
3116
388
1222
238
4605
5579
2641
1865
2567
1695
3932
3366
2757
1185
2066
1107
3266
1
5985
4390
1403
1412
2958
1808
408
228
1687
1944
5036
3113
2232
4678
5050
1207
2402
3436
3547
3960
5577
4812
3709
91
1165
598
1726
2108
5884
2416
2378
1095
1381
3356
1169
2935
384
2612
317
404
3949
4201
1042
5661
1274
5724
1190
4033
1224
1788
179
740
1504
5138
2891
2464
4178
5802
4204
3914
2831
3315
2100
4999
2104
4599
2118
1791
869
5375
5693
449
2107
3185
2849
1927
568
2236
2408
1978
3472
3206
2031
921
4846
1459
2760
2599
1043
4809
2278
2067
3634
1506
2279
3291
3312
5441
2018
403
4870
3544
2849
227
4761
2058
864
1647
4491
2669
3527
5387
611
3650
340
4814
1163
2359
4221
438
3816
2876
373
4877
5391
1430
556
2011
1078
2785
1276
3436
1977
2841
4049
2530
191
2634
3368
638
3324
1446
5004
3995
2087
3735
1453
5276
2542
1926
3202
4856
3305
4379
1392
4434
1261
2726
4827
4126
691
4190
5708
3936
1848
3720
884
615
3429
314
49
2027
4641
5728
3710
2467
2566
5966
1888
2474
977
3751
2654
5954
3230
4510
5344
601
772
1612
2779
764
4189
1569
3003
5961
969
1374
1667
361
419
4386
4002
1486
5620
4947
2614
4697
390
895
805
1120
220
628
89
462
1296
2653
5644
91
748
1966
1125
285
2526
3954
3793
111
198
498
2806
4113
3857
5257
3731
5232
5035
4502
172
439
2657
1266
3237
4470
1925
387
973
2803
1653
1472
1581
4926
2381
4709
1600
138
1868
4729
3813
1832
5685
3294
2659
5141
2888
1689
78
5560
960
4531
4631
2677
2141
4639
4392
1861
4277
61
2095
329
2438
5054
3386
4140
2928
2729
4197
5305
2369
2397
976
4814
1184
4392
149
5647
2334
3560
1128
5774
4602
2208
4496
553
836
4461
1653
5172
596
5721
1274
4089
5468
1376
3164
5613
4475
1650
3931
629
1396
584
1834
3128
2046
1001
3986
1991
3773
4639
3772
794
5697
2374
4062
909
717
5301
4740
828
1498
3873
579
1290
3773
5694
1659
1000
1479
1367
5611
643
5996
1568
3578
1855
4455
3993
3603
2227
5995
1046
3375
2549
3884
445
5882
1976
4671
4848
4319
99
3968
1595
3573
68
5139
992
1790
1269
2461
2513
301
4813
2435
1678
5576
4618
3891
48
991
5341
2706
485
1644
5815
4565
5501
4299
1683
5876
371
2924
4499
1052
4865
4678
5024
261
765
3118
3468
2771
920
856
298
3728
4666
4301
3889
2970
3814
2399
1245
2360
2851
2457
1606
1811
2429
3914
421
4883
3033
5267
4388
2632
1465
3502
3381
586
4703
5074
3654
2595
4228
389
3955
5803
1867
1169
3148
372
1138
2634
313
1863
5321
3102
2556
4686
4087
1118
4742
1764
4649
3933
668
4954
1147
214
5595
3708
76
3267
4730
483
509
1803
495
4572
4507
699
3956
5145
4445
1225
4779
4102
32
741
2304
4926
529
2560
590
271
5850
2913
4789
3564
2401
1542
1515
3506
45
4712
5376
285
2107
259
3398
2395
2160
3124
416
2097
3823
4259
874
877
397
707
4106
2796
2388
1144
3142
4140
389
2840
2278
4373
753
1397
4683
772
2586
1530
5585
1448
869
3940
6000
1616
1523
243
2713
708
1632
849
5455
1972
491
2210
1459
2926
728
1869
965
5556
1906
3290
1208
3356
5397
5324
4342
5050
635
2785
3427
1787
4612
823
870
2259
2412
801
4805
986
504
2363
4609
1923
5041
3402
3938
13
5348
2920
3092
3149
5161
1406
5426
4091
1331
3282
1889
2796
5639
5412
1985
1648
656
4372
1503
1101
3762
3718
1966
4540
1502
424
5816
5410
4054
3
4432
5586
5090
5808
3945
1536
1265
4813
1628
2985
4756
96
4886
4450
3239
5756
2416
5742
1057
4610
4020
1828
863
2249
2780
5344
2732
4752
4252
5097
499
980
3139
2307
1992
4302
414
5782
4452
3470
2287
1278
2143
2542
5356
2436
2659
2800
3962
2381
3375
4585
539
2114
5657
594
2374
2672
3032
253
1254
2400
624
4101
2037
2601
4367
5193
1547
165
1304
4282
5953
1810
1934
2723
1483
2090
243
3705
4870
5941
3137
66
1806
5613
5673
2827
5956
626
5211
5157
3389
5647
2869
5615
4414
4797
3727
1066
4086
2182
3830
5257
4189
717
839
2999
5916
5500
223
734
1469
5630
2144
4917
3029
1662
2791
425
5742
4448
348
2720
3082
2383
2490
2106
2404
3750
3391
3992
2169
2546
3318
3346
4168
1271
5539
3987
1926
3203
3183
3096
629
4256
3397
1721
2342
814
3547
2279
4028
3904
4725
1687
3987
1366
5398
3869
5617
4219
2345
2605
1164
4880
4016
1373
2844
2808
2218
1327
2018
4181
58
1870
4537
3459
3701
3623
1275
4836
4829
1915
3959
1900
4428
2593
3922
5341
5090
3537
44
1494
2147
5022
3829
3095
4219
4803
4944
3497
5028
3218
4086
5404
1673
2777
4686
3712
1067
1255
3355
3943
2644
1501
2151
3867
5210
535
399
5501
183
1917
686
1694
3254
1925
622
1249
4112
3276
4044
3104
1624
4117
5724
4286
3204
1713
3118
1085
3470
3808
3967
3105
4585
5382
2066
4373
631
4561
3088
2716
5946
1994
2622
2843
5466
250
159
149
5767
1071
1497
694
704
5968
4684
1461
1715
445
416
5715
3925
3962
3726
2201
1668
5773
5250
2818
219
5814
3359
3380
4470
1087
5476
2725
4247
5188
1518
4283
2072
2341
5502
5236
626
5274
3948
4007
5389
2918
1244
5339
2185
958
640
1095
5261
3532
254
666
2238
3391
1972
28
498
1461
4185
3492
4100
4492
3941
2891
2107
1414
2499
4224
2791
5563
1126
4222
3996
947
5579
1755
5202
1524
4414
99
5547
1688
479
4213
2919
2483
1685
2715
4357
2020
1459
128
4731
5402
827
893
5767
4025
545
4756
103
2620
2289
385
4422
3757
3636
669
2200
1411
3214
5509
136
5916
3563
3355
4303
4235
3116
4411
4264
1075
4093
3985
2882
949
41
425
3302
3782
703
294
1897
2021
4902
456
2980
1979
4015
2008
674
5700
1067
69
986
525
4765
1588
3630
1119
112
3603
2323
43
2188
4943
2498
3189
373
839
1614
2934
5349
4832
2551
1597
5660
3610
2030
4118
2325
5907
3322
190
1226
5739
4410
2470
3882
1240
2108
4630
1914
155
686
2051
2394
3250
1795
1203
4009
1935
728
2673
5708
3497
5943
2973
4651
3009
5820
5622
1484
728
1574
1706
645
159
5376
3645
2492
3935
753
984
2225
4987
2464
1332
3902
754
2956
327
3597
729
252
4062
4011
1481
5154
28
4892
1492
5253
1810
5727
2270
5135
864
131
5722
1668
5050
3018
3666
5012
3726
909
3163
2051
3525
1216
4600
5671
456
712
222
1681
2038
570
2808
5536
5667
3093
1883
50
3107
2595
5325
445
4071
5260
34
4957
1094
892
2023
2606
3888
758
499
4029
4447
4921
2298
1130
2975
3090
3860
2865
2480
3473
3870
4409
3818
1664
4223
3819
3184
2178
5821
4679
4455
1465
848
4804
825
1627
2664
5992
2293
1493
955
1031
250
3376
1426
2494
4292
163
772
3538
5141
889
355
5364
2968
3637
3462
2520
2514
1107
1286
5751
1705
641
973
2354
3466
46
5307
1127
3558
5297
1547
1881
797
1485
4694
5195
4606
5060
839
2557
3180
297
4783
730
1557
2043
2841
1537
3280
95
544
4307
2533
2380
591
636
4882
1517
1578
5174
5018
2979
204
682
3824
2233
2576
2633
5141
1532
2387
4362
4398
4954
810
2036
4122
2538
3744
3534
4307
4397
4787
4036
2674
435
5408
1805
808
3953
3627
2332
4570
5809
4532
1732
3708
1147
4679
943
2146
5331
962
48
771
1427
1388
2615
4687
1706
1540
3366
1522
3045
2503
1058
2121
717
4039
1132
4389
3345
4440
1536
3902
3989
892
141
233
3835
1442
3766
5357
2834
1787
1529
2610
4364
301
3006
1531
4132
811
4706
1798
3919
1317
997
1890
2834
2619
2704
3712
3461
4136
3691
3421
2647
2861
4446
4591
146
3371
3014
3837
4111
4069
907
708
2957
1702
4480
5495
255
127
1114
2647
1444
4915
516
788
91
2198
5570
2434
149
2131
1205
863
3837
461
5231
612
4310
4569
1031
139
933
1002
5103
4192
3407
5805
2580
1674
4211
4966
38
4220
3819
1050
713
4647
719
1039
3290
2691
3034
2673
1990
1454
545
2166
504
4771
5570
740
5969
3838
3225
1457
5389
367
297
5659
5587
3421
5833
26
5277
3310
2092
5843
5722
2788
1110
3390
2384
3722
4588
2378
5925
5439
3915
1663
5856
178
3707
4420
3644
4303
2613
5522
3693
408
5219
5145
1749
3416
3880
5522
5449
1652
1088
1476
2880
5859
584
1947
188
1408
2289
5926
4396
4861
321
1391
2768
1657
5355
673
447
1157
2880
4501
4294
5204
4310
509
3586
2290
3272
581
2128
4551
942
4503
3794
1995
4158
4622
5157
5804
467
4829
4289
2013
765
1936
5073
834
921
2003
1203
1049
1507
4914
1362
1211
5785
2065
3586
772
5393
4013
2939
3790
3102
770
2810
1589
1775
1775
868
2839
2457
4199
1229
5754
710
3865
1721
5810
126
5906
5008
2419
4901
1729
3879
3828
4404
956
3740
1541
3020
3681
5394
258
4793
1727
4238
360
1540
4982
5553
1384
443
1980
808
2890
1781
1266
4784
3795
2464
5014
2926
1962
4398
2362
1486
1096
5008
5157
3545
4606
625
4057
2893
251
4086
2421
3432
1517
4787
5035
1492
4648
3618
948
2890
1093
5297
4835
4224
2173
5049
24
4292
167
262
4982
942
4462
5444
246
3697
2230
2374
5901
3651
704
829
2732
2942
524
1943
4711
2389
14
789
5480
2074
1221
738
3556
4815
5432
4001
1998
4412
5009
4918
2203
2129
1246
1640
630
4700
2934
597
4885
2077
730
5414
4604
5592
5404
2965
1696
299
1043
541
1246
2465
4223
816
4861
3990
1771
2750
3298
2092
1025
3253
2322
1741
1714
2836
4317
5490
3797
2549
2665
1859
2544
5082
5581
3408
4437
3671
5663
4864
3167
4464
5056
599
3773
1332
1862
4301
494
42
650
5645
4238
1083
1620
668
4464
4817
2611
2043
620
414
881
2109
1307
848
4807
3453
1697
5572
5501
378
4457
2536
3012
1588
103
85
2424
1884
4314
1933
2080
583
4001
1617
2359
5844
3808
1910
416
766
4531
4073
5318
1059
1282
4273
258
4758
2741
1108
5312
258
2394
4972
3588
5744
469
3803
89
299
583
4253
1978
5458
386
1294
1717
1629
395
1292
3772
5108
913
2333
510
5293
5678
4228
1206
1092
1692
3184
882
2271
2633
1605
5319
2115
1614
1375
850
3153
2828
916
2338
789
3256
3178
2852
1969
2585
378
3247
4021
3407
2163
3746
5746
2342
2433
59
4495
155
4095
5514
539
2399
2506
2340
1252
4074
5848
4220
3480
3218
5146
4447
601
5499
798
142
1926
3841
200
3010
5657
5444
993
3691
4475
3459
80
3289
974
301
5065
655
3068
2931
3827
2853
5676
178
2735
4621
5894
3024
1941
1960
2119
1029
5377
5946
4454
3036
3566
2827
3671
4713
2881
527
4960
4461
1978
4201
1275
5784
3782
507
4988
3502
2569
4193
5715
1742
1706
5695
2131
5231
1615
2599
5140
5547
4763
768
2855
4449
5829
4531
1225
2693
5115
888
1961
1115
2246
465
1644
2820
1327
4949
545
1864
3971
3456
5361
5909
2899
5064
585
3926
559
915
5131
3480
804
3400
4786
3001
3652
5555
4981
1889
1909
5853
3661
3830
3244
4283
5066
5882
4475
1381
1571
1640
5353
1642
5645
5776
1073
4034
3695
4142
5710
4596
3827
3346
5205
778
1790
2251
3779
2161
1572
3061
105
1717
2598
1189
1717
1757
29
930
4931
5347
3788
3095
2115
2279
5569
534
2221
3892
3324
5247
1779
3090
3699
3617
4901
3358
2533
4704
5963
983
5597
4760
2542
4762
2426
5185
5416
2753
2525
4019
94
2375
1570
5900
3898
799
1635
3328
3726
373
5689
5552
1558
4981
1492
2862
4989
1740
3261
1200
1571
2412
4234
1027
3453
4947
5922
3681
2637
3037
5746
5926
5524
1977
1343
3600
2725
3930
5852
629
2668
1199
1358
3242
1151
2453
1150
1601
1492
812
4415
2754
2211
4743
1554
1229
2765
4216
214
1950
525
443
3155
1218
941
2113
2185
3450
1629
2464
964
4398
2288
3001
787
1444
4439
2219
4121
913
4898
3606
947
1790
5571
2338
1436
991
3798
2193
4318
1904
5231
866
953
720
1298
1655
5529
4275
2184
3562
914
3155
1825
4699
1551
391
4149
3357
125
2902
2319
3906
769
2141
4188
3156
5729
656
336
4486
3601
1630
5755
5802
76
3816
938
4532
5462
611
4048
3982
1456
1675
4839
589
812
5722
4017
3316
1313
4698
1332
1944
2609
1975
2070
2453
5017
665
3860
4687
552
5088
4873
346
4964
5377
5902
814
4890
1633
2189
3013
5540
2991
1658
5719
3616
1718
5860
2073
1646
4450
3672
1169
1082
1172
3607
5853
5387
2945
5241
532
2779
880
674
1660
2793
1299
4388
5022
2603
1621
2117
3848
1623
1926
4003
5121
4900
4835
805
3970
2284
4569
1539
5475
5157
5018
201
2580
4433
4449
1048
4045
5010
547
4557
1271
2242
40
2294
1197
2514
3032
5122
2973
2897
329
5289
2740
2416
1400
5756
185
4659
2485
2526
3976
1690
4372
5795
2386
945
5921
2776
4162
4325
3972
2467
5236
3960
5541
2444
1057
1655
4498
1340
1710
2058
4303
2324
2038
1339
3917
5698
1492
5403
2190
4688
998
1121
568
1950
927
5524
3592
849
5036
5692
745
5659
5513
99
4773
1356
4772
5410
1754
3449
5746
1305
2513
5917
1856
3199
763
2158
3197
1419
3165
705
1319
546
814
5696
5155
434
255
619
4801
4430
1562
5933
5359
1547
3261
4944
3724
5818
4713
1907
4832
4040
3110
731
91
338
3722
3976
1275
5117
2682
3258
466
2644
2960
4451
5622
979
2957
1135
5275
3748
1296
2401
862
1464
5256
815
4051
969
1927
18
2786
1933
3271
3895
2013
1293
5985
537
3462
103
5500
4418
4110
2753
1491
2639
945
1967
1771
1604
2256
438
3923
1488
4478
210
3564
274
4032
2373
2587
92
4559
5393
3964
5463
3184
5416
3849
536
3398
3026
1708
5185
5445
5023
5074
5995
2874
5405
2560
930
3994
1948
362
4929
3960
4416
4017
16
1467
2663
3293
2059
2399
4332
1180
1189
74
1947
4090
1981
482
4501
881
3488
1342
262
4242
799
1690
1574
3909
1410
3951
3309
4942
1468
3426
3451
4705
4737
1068
55
3286
2086
4922
4629
3936
2216
1605
3245
5051
4656
4020
1882
1620
2949
657
5632
942
4179
1274
5490
4498
1339
1577
4675
2326
1466
5830
2651
4737
4990
4299
3884
750
422
2040
438
4735
1385
4216
23
788
3194
1843
2023
317
4123
3926
4180
5292
2272
3872
2905
4494
101
463
2084
2891
2290
1418
4392
1019
3021
4304
1376
668
1393
33
5109
2642
5999
5259
114
3694
2
3688
517
3619
1719
5669
2537
3748
524
1798
1074
5553
4616
3257
5929
2116
2620
2344
249
711
3545
211
105
41
2338
4013
5035
3745
3218
2069
1236
1105
2033
3817
5692
1198
2147
854
3224
2479
5234
963
1991
3429
2125
1982
4490
426
1985
5287
536
5997
2663
364
3536
2668
1438
3156
2576
3155
2971
1664
3461
3764
2317
4095
2148
4519
5510
5665
5113
1525
935
3807
2382
4591
2635
3416
863
4581
4920
2527
3371
4851
4945
2019
2717
2062
1423
3007
827
704
1040
1811
3215
4752
4433
1986
5685
5302
536
3503
2964
3565
3013
1441
5712
4538
4779
2782
2335
5052
2041
2711
2539
1508
350
1952
5351
3607
796
5172
3622
5089
1676
726
4808
1629
1266
5787
2374
2290
5186
4982
2656
4688
1395
5507
3717
2092
3652
1288
4243
4183
972
4553
4096
1222
5302
3388
728
3326
2141
4092
5831
2958
52
305
5673
1522
5018
1856
3024
1252
1579
399
887
389
5322
2012
4101
4029
510
3823
579
960
954
60
2369
1042
3618
4461
1254
2651
587
1808
3527
2750
274
1965
2826
1271
2896
4923
3947
5747
1532
3571
1311
1269
1809
260
71
2454
2305
3257
2455
3004
3002
3144
2120
2735
2345
2829
5994
5192
1341
1958
5518
1466
3373
2032
707
3589
956
4546
2655
2824
5019
5688
2097
4408
5952
1923
805
191
1382
4911
5799
2118
3445
3013
1915
2165
3155
2594
2060
5658
5387
1480
116
4057
4541
3283
3340
1828
567
1583
2932
4091
5714
232
5605
1685
4159
1505
3749
159
4084
2553
1499
1508
3154
2475
1523
2686
4185
5542
4756
940
254
1677
5904
804
1435
4783
2332
747
4871
1256
65
1411
681
2361
1779
4228
5383
1111
1088
1231
5843
4704
4954
4718
4313
3171
4216
2672
3730
4207
2202
5795
1085
5916
668
1011
638
970
5485
1283
327
1159
5312
2905
1446
453
3682
2734
2351
2139
973
2838
860
5562
5757
5005
1650
5571
5234
4755
2550
807
2405
3930
4496
1167
4926
3469
126
3805
2645
4707
4700
4643
199
5252
1235
4563
5035
4843
3408
1590
2598
5437
5190
2545
1852
4265
5974
2980
2856
128
4798
3541
3726
151
1487
5997
3007
4762
340
4929
316
5236
1072
964
3455
3389
5431
267
5606
66
3904
833
3585
1739
889
2283
5535
1497
5868
2303
5332
5471
2321
289
413
1442
531
5038
4903
2036
1879
2429
1356
2493
4298
2674
4079
5275
4811
820
587
4092
505
530
4599
249
638
5858
1453
646
5996
3274
876
2023
1895
5683
3834
2661
1251
2986
5645
384
1807
5912
4508
5207
83
2693
3809
1895
1382
5160
2754
2481
419
5714
4272
4495
2044
5565
5680
2295
799
1695
4745
2512
1224
2035
940
3605
5976
2441
4235
2233
3813
5132
2099
282
370
2469
1883
3720
80
2974
2770
4199
2468
5482
4740
1492
4715
5683
4334
901
796
500
3394
2228
941
1641
4573
4412
5417
5763
5943
5492
1584
4592
346
4029
5487
1354
4743
87
465
1934
5653
5625
2182
5761
2875
2352
3348
2174
2960
1863
5819
5155
1553
3944
4605
2477
2691
4162
1294
4448
2010
2636
1896
476
1353
5401
2
764
635
748
866
5089
305
3005
4241
2078
5052
2604
638
213
686
1686
2709
4259
1916
5463
3473
2503
375
1807
5407
824
5644
2391
1062
488
1272
1989
5332
1411
3471
3550
3466
5773
5215
300
331
795
3617
176
5905
4960
4528
2282
5921
939
4684
1911
3728
127
1825
1241
1333
2516
5860
5741
2480
1708
446
26
2668
1912
5741
4598
4146
3771
1527
2269
1918
3871
416
4644
3701
4023
5853
4506
2151
2229
1561
2368
2946
5741
4825
3467
263
3050
2108
5464
17
736
4805
1919
4514
3409
1595
1019
1248
2547
2736
153
2849
562
3569
1214
5971
690
1150
782
5712
2456
219
1707
3935
3418
2582
123
4093
1715
2874
4125
1998
3388
1395
3949
687
5415
2995
3430
5742
2782
3924
3063
2445
5260
1630
1049
354
3769
1259
3248
