T 4000
C 500
I 100
P
42
2468
2335
2501
3170
3725
3479
1359
2963
465
1706
146
3282
828
1962
492
2996
3943
828
1437
392
2605
3903
154
293
383
1422
2717
3719
3896
1448
1727
2772
3539
1870
3913
1668
2300
1036
1895
704
3812
3323
2334
1674
665
3142
3712
254
2869
1548
3645
663
758
38
860
724
1742
3530
779
317
3036
2191
1843
289
2107
1041
943
3265
2649
3447
3806
3891
2730
371
3351
3007
3102
394
3549
3630
624
85
3955
2757
3841
967
3377
1932
2309
945
440
627
3324
1538
1539
119
2083
2930
542
834
3116
640
1659
2705
1931
1978
2307
3674
2387
1022
746
2925
3073
2271
1830
2778
3574
1098
513
3987
1291
1162
2637
2356
768
3656
3575
32
53
3351
1151
942
1725
1967
3431
3108
2192
2008
3338
3458
288
3754
2384
2946
910
210
1759
222
2589
2423
947
3507
1031
414
1169
901
592
2763
1656
1411
2360
3625
538
1549
2484
3596
42
3603
351
2292
2837
1375
3021
597
22
3349
3200
3669
485
282
735
54
2000
2419
3939
2901
3789
2128
468
3729
2894
649
2484
1808
2422
2311
2618
2814
1515
2310
3617
2936
1452
601
1250
520
3557
2799
2304
2225
3009
1845
610
2990
703
3196
486
3094
2344
2524
1588
1315
1504
3449
1201
1459
2619
581
3797
2799
3282
3590
799
10
3158
473
3623
2539
293
2039
180
2191
1658
3959
2192
3816
2889
3157
3512
203
2635
273
56
329
2647
2363
887
2876
434
1870
143
3845
1417
1882
3999
2323
2652
2022
1700
3558
477
3893
390
1076
2713
2601
2511
1004
2870
1862
2689
1402
1790
3256
424
1003
2586
183
2286
3089
3427
618
3758
1833
2933
170
2155
1722
1190
3977
3330
2369
693
1426
2556
3435
550
3442
1513
2146
2061
1719
3754
140
424
280
1997
688
530
2550
1438
3867
950
194
3196
3298
417
287
106
489
283
456
1735
2115
3702
3317
672
1787
264
314
356
3186
54
913
2809
1833
946
314
3757
322
3559
3647
3983
482
145
3197
223
3130
2162
1536
451
3174
2467
45
1660
2293
2440
1254
25
2155
1511
746
650
1187
314
475
23
2169
2019
2788
1906
1959
3392
2203
3626
2478
415
1315
1825
1335
1875
373
160
3834
71
3488
298
3519
178
1774
271
1764
2669
1193
1986
3103
481
1214
3628
803
100
2528
2626
1544
1925
3024
1973
1062
2182
3004
3433
1506
3594
2726
1032
493
143
1223
3287
1065
3901
3188
361
2414
2975
2271
1171
236
2834
3712
1761
2897
668
3286
551
141
1695
2696
1625
20
2126
2577
1695
2659
2303
1372
2467
679
2594
3852
1485
1019
465
1120
3153
2801
2088
3061
1927
1011
758
171
316
1577
2228
44
2759
3165
1110
3883
1087
1566
3488
1578
2475
2626
1628
1630
3929
1424
521
2903
2963
124
597
3738
1262
2196
526
1265
261
2203
117
1031
327
1012
2772
2412
1548
1154
1521
1791
2925
2189
1764
941
852
2663
1830
2901
1714
2959
1579
366
1008
3478
1201
2059
2440
2304
761
3358
2325
2478
1109
1114
2888
3802
2851
2461
2429
994
3385
3406
2541
3112
705
836
357
2073
1351
2824
2486
557
3217
1627
1358
527
1358
1338
3272
3870
1362
897
1023
1618
2113
718
2697
3586
42
424
130
230
566
2560
933
2297
1856
54
963
3585
1735
2655
973
1458
2370
2533
2964
2608
2484
912
3636
2068
2849
676
939
2224
2143
3755
2512
2742
176
1460
1826
3222
1871
1627
3935
3206
3784
3851
1399
2280
2702
194
735
1638
2535
1557
1994
2177
1706
2963
2549
3882
301
2414
642
3856
856
1143
3463
3612
2878
425
679
1753
2444
297
674
2041
1314
876
73
819
611
1018
2933
113
2696
1170
3832
41
2489
686
3091
3498
2590
1991
3146
3354
3315
2652
2741
2045
3259
336
760
3193
3606
1265
182
504
3830
3776
609
1293
1998
1550
1557
1562
3628
2468
1542
2130
3241
3814
1175
602
2078
216
684
214
3993
1825
1602
3393
3760
2671
2429
28
85
2076
2787
3499
971
2288
3848
605
504
1222
2664
1707
2364
1011
2172
3490
2241
165
1543
3620
914
3592
2705
3819
1233
751
1206
976
1540
304
3423
1099
3248
1585
1649
2972
1865
2914
3076
1546
713
1547
2679
1770
3263
520
1986
290
3945
2866
2541
3246
1509
319
3871
1602
324
1133
473
3153
1088
571
1764
1902
1104
2424
3528
3601
2970
2016
1566
29
1544
1348
2089
2944
638
2410
2464
1050
682
1589
3343
609
61
1222
1759
1955
889
2147
691
3950
844
1431
1621
749
3068
537
784
2036
227
3186
3039
1854
1630
3225
3749
3924
3360
258
767
945
2956
3319
727
1412
1026
356
3002
2550
1497
2585
1516
1965
3343
76
1914
143
3197
1949
1073
427
2607
2174
430
405
2706
627
1813
3376
2094
566
37
2737
1142
2815
1995
257
2653
3937
2839
483
1356
1016
1132
2231
1842
2626
2012
638
187
3691
1651
1663
1635
2894
2354
1417
1453
2009
3263
2234
1455
304
635
2304
2257
149
3125
318
214
3110
29
1201
1081
1319
859
51
156
3362
3265
3904
3677
1644
2910
2903
3562
490
949
1283
1654
2675
2221
1403
2924
3832
3370
3879
260
3009
2620
3972
2004
1946
1782
2505
393
686
1314
2699
1590
723
1939
3038
2411
3462
2235
509
1962
3960
2494
1516
1270
938
870
59
2701
1972
2265
3118
216
556
3816
2331
3040
2213
1289
83
1955
86
711
485
775
381
1816
1952
2542
2116
1680
1111
1899
3074
789
3978
2133
1957
690
2114
2009
942
3791
1724
1364
29
1185
779
3201
1072
1886
1975
1072
3334
2868
2154
2296
169
826
1677
3630
651
2599
3310
694
687
2081
2117
250
2668
1529
2680
3865
1422
406
827
2817
3517
3727
667
1088
3682
3965
1341
1687
2022
3663
2722
2065
1310
416
1903
1874
1125
3942
746
3763
424
3532
807
269
1319
1603
3908
308
3482
1013
1137
2631
115
2810
85
3557
291
1294
1997
1153
1055
1346
2709
249
3492
1713
1132
2115
440
3959
723
1705
2996
1053
1270
3480
2239
2424
3919
2867
1660
499
487
1197
3463
2634
159
23
1147
2393
1038
3926
2648
1459
2603
2808
99
3831
1293
2601
3279
800
2353
449
1883
541
316
576
763
1568
2337
2398
3419
3898
1829
1852
2817
231
450
926
659
230
521
2941
1561
3148
1163
1656
676
793
2362
3755
399
3147
715
2947
1189
3570
639
3664
3076
516
3522
476
3616
529
1235
571
906
1465
3558
963
2162
2525
550
1470
331
3924
351
2334
2926
2911
3738
337
2338
1279
394
3637
2715
165
3592
3950
3136
2506
1338
2005
338
2624
665
1971
1609
2569
3282
3086
1153
2374
653
195
1877
3827
397
3573
2250
2641
1175
2820
944
612
1942
290
420
1566
3806
3586
217
3451
1616
2610
3065
1167
894
75
1510
2301
3696
1574
3590
1162
3173
1969
3359
2032
2269
3427
511
2423
2775
780
2911
3553
183
1392
3496
1765
875
1365
2903
256
461
475
2973
2822
2123
1548
1578
1790
1606
2196
3595
3951
344
755
2482
1013
3673
3440
1429
1913
1763
1968
409
416
1909
1224
3760
2435
1205
1487
320
959
1946
2807
167
2701
3368
1693
1788
533
2557
2975
3448
1022
2284
2223
1332
2377
584
2949
724
1983
2019
2777
1221
3112
183
3857
3491
926
325
2487
3678
3970
3644
3535
3678
2669
3069
1992
197
3784
829
3728
1427
3872
2698
1613
2704
3028
3409
1546
1509
3186
2239
238
2444
1314
2502
851
1129
2112
3651
150
3193
1455
3870
682
3466
268
1714
3794
2635
1473
973
2831
902
443
1178
1878
1771
703
2365
1382
591
824
2238
24
180
596
170
2328
43
3311
183
3059
3927
1488
1671
529
1652
2259
3214
1861
1784
1287
2743
611
473
3129
2435
1842
719
3504
2868
866
2939
1882
1258
2751
615
2599
459
2662
2064
757
808
279
3490
3436
2366
76
3587
1387
3834
361
1331
2049
929
1493
434
3841
2767
1736
3811
3600
3838
1893
3983
3329
1353
3370
3245
1795
2609
1253
3648
1433
1536
3209
3265
3498
3244
3650
2016
2842
190
101
3813
2649
1524
3852
475
634
1892
3201
3855
1991
1698
920
1781
2579
932
545
3341
1488
900
2526
484
1539
3493
2194
253
1012
1561
3835
1841
3498
2786
2530
3541
2806
792
1393
1211
1550
1579
2980
2972
1278
74
194
1621
1498
1827
3277
3791
2583
1579
3160
419
2490
160
3450
925
1073
2381
3009
3968
2209
2478
2504
3371
608
2197
75
1723
612
3020
762
3057
891
3164
684
1717
3933
1453
2742
955
2814
2863
2397
3461
616
2905
2600
137
681
1199
3033
2388
585
3241
3518
1007
671
242
2883
1250
3524
3759
106
1622
1096
3297
1917
3679
2179
1580
1059
3578
751
2008
3730
82
2996
2679
677
3754
900
3785
3566
3094
1609
2173
3244
1930
3515
2169
1056
3192
1974
923
2749
1652
2987
2145
447
3578
2518
2630
1917
1875
3792
3470
2913
147
2694
1092
1816
2950
2858
641
2053
237
552
1488
3227
163
956
3184
395
2181
98
3066
3066
2514
1262
579
1079
879
2141
612
3948
2446
171
1976
1490
751
2150
3334
1866
2215
1283
3008
3433
897
368
523
883
3811
1642
3232
2188
2706
2480
2322
2539
3352
3448
209
1647
2277
1760
2190
2423
3667
487
3456
2029
1615
861
1254
3778
3349
504
2862
2432
1083
456
2198
2107
753
3822
1297
2282
2022
456
3948
3125
2319
1136
3377
1775
1860
999
75
1254
2923
2636
1644
889
154
1233
748
681
3927
1679
2451
2802
962
2200
856
2364
1717
2574
3562
3246
2474
275
1551
354
1182
288
2700
2111
2644
1466
3173
2530
1982
2113
1477
382
248
2891
672
806
373
2033
3990
1321
3166
3432
1659
3294
1207
2579
949
2207
3172
2167
3397
698
3021
3695
3530
2789
2110
1985
3970
979
1618
16
627
3685
1169
1907
1929
98
119
391
3200
3786
2487
3200
421
711
2272
3814
3416
2086
319
3581
1332
3268
388
1445
3187
2508
361
1828
75
2432
3153
2272
2269
694
3886
338
3312
1605
678
407
3769
1023
3414
1001
543
1538
2039
1389
3356
1290
3648
3182
1094
585
2988
2762
494
218
1502
1483
1448
3666
2754
2105
3085
3096
1526
2222
3965
1782
873
107
3657
3344
2594
3081
81
2869
1412
1714
969
3252
3217
80
769
1041
3532
934
3780
664
260
2654
3937
2096
366
3875
3721
2836
1681
977
2456
1726
72
809
1560
1157
1603
1833
3906
2441
3376
1563
2886
1963
1081
1837
2798
3203
2509
2081
1341
77
1059
3494
3741
547
475
774
3098
881
3336
3073
3401
708
2956
667
142
3589
482
1169
316
3397
226
1010
2013
2137
3456
2763
1044
743
22
1923
513
1249
2019
3369
3718
1715
1651
1291
3336
760
3170
1896
1304
2641
1980
200
1106
792
2662
682
3653
754
34
30
3988
3043
2254
84
3421
3815
719
245
3064
3230
653
2865
770
2471
3006
1048
1595
1488
327
3277
1324
2541
3680
3991
589
711
1272
1946
1222
471
184
3590
3956
979
780
1007
1263
136
3488
3197
1034
2089
936
3780
3994
2791
963
2966
3002
3106
3808
568
2670
3135
672
1458
999
3546
1598
2219
839
2845
3373
564
1029
1265
802
2724
1491
3605
3602
228
3198
3693
3772
364
1302
2364
3722
3566
1422
3446
2611
496
742
3023
3813
1152
3016
56
3394
739
3280
3883
1609
655
3823
708
246
1339
145
2291
3340
3155
605
624
2226
79
1725
3982
2331
1734
224
595
1131
2847
988
1446
2806
617
1751
490
3339
1964
136
2698
210
1631
3225
1909
2738
475
3921
3373
2294
3856
2735
1562
3057
3607
185
3076
383
2120
2742
2433
685
780
280
2284
668
2837
126
119
738
2029
120
578
2738
2092
557
2796
61
1902
794
3433
2137
581
2876
1908
1185
75
720
2791
477
2042
3352
330
291
2975
3073
3592
190
3788
3491
3240
2894
3054
1064
2682
1904
3006
177
2480
1696
2140
469
1999
1084
3640
1516
3622
1994
3827
3723
3839
829
582
400
979
3892
1024
2944
835
2244
3350
2703
708
503
1142
2688
347
3892
638
2414
3401
2817
3691
1163
936
1127
3411
3878
3383
2261
3190
2706
1875
2664
723
196
2567
361
2039
2589
3812
246
1468
426
2868
1190
2543
1064
1548
2503
1618
1100
1024
1227
3204
2049
1052
1571
637
1459
1968
457
1406
3532
1963
2820
3976
2557
3532
3496
45
2592
2804
3389
2916
3451
320
2273
1792
1384
2134
1776
643
3570
2301
1955
79
3586
2258
1334
894
2491
2104
751
1234
2723
272
3612
2991
2339
1642
3259
3048
2353
1659
480
1303
684
2991
2003
3569
423
896
2136
2009
362
743
2195
3700
3189
179
43
3358
3942
1848
3470
346
381
3914
2965
1711
62
1386
74
3505
1463
704
103
3070
1155
3530
3553
75
3150
3731
2245
2845
1050
2119
66
2364
3553
774
2471
1732
2748
3512
1870
2399
2499
3104
3353
1680
54
1044
2523
3089
1564
1835
1851
1023
3241
1912
1493
1652
581
3478
3617
1877
3179
1221
2616
2349
2799
180
3636
858
2884
1663
2903
263
3421
3771
3023
1274
1842
687
889
3918
3718
1893
1699
3268
3750
66
2390
2933
1620
82
2004
1131
1029
2632
2590
3153
2631
3173
3865
2408
296
1429
1682
2491
2611
2178
3072
1237
2460
644
841
3634
3038
3894
2631
275
994
783
204
1462
291
3663
2308
998
3152
2424
891
718
2641
704
1567
884
3662
2660
2246
387
652
766
3602
841
1210
1498
3284
1251
2059
422
176
2582
2788
3272
288
4000
505
980
2139
2701
531
2462
119
206
3541
2829
460
3623
2399
3761
3099
936
2482
2615
3568
2494
597
3162
3747
2539
3671
539
1477
1556
918
372
761
1753
1759
3434
256
1066
727
2402
3035
760
2394
2549
3274
2793
194
934
2138
1104
3691
212
1695
669
628
3499
990
3249
3880
3648
3150
2932
670
2876
1599
1450
1437
600
124
1444
1732
2155
2862
435
1386
3968
2817
3394
705
1867
2954
2309
224
2685
2793
2668
2049
470
1931
2812
3815
91
1428
3744
1605
2600
475
3196
507
1159
1590
1859
3810
1890
3448
41
3819
1365
1976
27
1090
2504
2067
2413
2841
571
2677
1396
642
1987
1652
1110
188
84
1086
3391
3251
2687
756
3382
129
1503
278
2863
2425
3566
3873
833
2886
2429
2647
890
2479
2884
926
1266
3261
1046
779
1822
1856
2521
928
774
1135
3252
2676
1337
335
1002
2738
1311
1975
3591
357
1072
81
2936
146
1283
1826
2719
1574
713
1038
999
1906
3163
1718
693
3540
48
2947
3104
2232
116
840
1859
830
2646
3395
1200
3646
2273
676
1863
73
1774
2481
3239
2898
3543
1609
3204
3278
2126
135
1402
1079
2383
170
737
3479
1940
1139
2722
3427
2664
1678
1576
2725
1982
3701
3962
863
3
2449
1096
685
17
3138
1508
1994
1285
2945
2260
822
3059
644
1669
2678
120
1858
3042
892
1265
1624
2916
73
1930
842
716
1616
537
2958
3760
701
1453
1094
242
3830
449
1228
3799
225
2325
275
2134
2886
3039
171
2863
630
1085
3910
2879
2924
3086
1401
3025
2194
3106
1413
3766
1768
3408
2678
1785
705
2791
1835
2892
622
2086
3735
1191
543
1999
2087
19
3622
2425
2598
1377
255
1670
2109
928
494
2069
2367
1103
2439
601
2820
2319
2291
2985
340
2557
1809
633
1479
2815
1788
3240
75
1021
2828
2555
1989
3442
799
1643
3003
322
2105
1947
3057
2510
1834
1709
3762
2534
687
2805
2386
2143
2843
1261
2162
3621
344
1579
1188
114
1064
592
1935
416
657
1762
1013
412
3960
252
2739
1371
2125
1508
8
1585
2952
3102
2490
959
3442
1791
1014
2413
2856
1061
3094
473
1403
677
1544
3374
2267
3652
3276
1529
533
2762
1470
504
730
1108
3893
2452
1954
393
2571
1520
3473
3408
2495
1506
441
384
2263
1410
608
2039
361
1472
3172
655
1948
3515
2524
1230
490
2767
1888
1757
2633
3471
1740
667
523
3284
161
1554
706
3092
1260
1387
3688
630
43
318
2046
357
1389
1453
3155
2467
3834
3761
2920
1632
2739
1268
1777
1099
315
321
1054
8
470
217
1723
3843
1008
3464
2261
2948
1794
631
2718
3044
3377
1315
627
1118
1335
621
2172
2793
965
3155
2867
2694
2665
3776
1001
213
1101
3552
1477
2380
2944
1878
3790
362
3386
273
3435
3145
1562
1564
2505
947
3889
309
158
1431
1124
2465
75
347
1838
1982
1319
2612
293
1592
3833
3124
2462
992
3462
3331
499
1370
1292
401
2180
118
2318
3915
1596
1442
1937
1868
3029
3454
3910
1974
1982
3504
2570
2817
1884
1368
1386
403
1231
1158
682
3568
311
1867
3688
1172
3478
3246
765
2239
3672
2048
2116
593
3312
658
1406
54
3172
581
2741
2531
1676
321
1791
1378
2999
587
1605
490
3632
1745
389
2611
2719
2920
2260
1928
2610
120
1480
2717
2301
1397
854
3459
831
594
2807
1850
2855
273
2161
295
55
2334
147
230
2472
2429
2560
2242
1422
2689
367
34
2686
2271
1330
262
2861
2209
983
2163
507
2879
3980
1898
3888
2539
2470
2784
1541
2796
3267
2634
1510
558
2318
2135
54
2136
259
2594
1844
1694
467
2952
2141
3095
938
1175
2513
2098
1552
2696
1818
3493
1293
238
3531
614
1297
1711
390
1629
1810
787
3745
2841
183
570
2121
3394
2293
2963
2215
528
2808
1195
706
2714
3012
2914
2694
3665
2204
996
1763
2382
2947
1910
1049
1769
2625
2512
3955
236
1128
2634
241
1863
3128
3578
3818
2341
2143
3101
401
2559
1477
3155
2936
431
1832
1296
3538
3624
1923
2928
30
2212
212
3755
2881
254
3294
1322
786
2529
2444
3001
2556
672
1271
3453
1376
2632
1641
935
2041
3987
835
2249
1540
766
797
2313
3263
1053
2732
3988
465
558
2249
1557
171
1451
3183
3302
1294
100
3333
3045
332
76
3005
3051
3027
2067
3739
3802
3624
1844
442
3381
3696
3919
3660
1364
629
2330
1089
855
614
980
2570
667
3680
3578
3838
3403
3116
3293
1724
2873
1449
2324
3154
3949
396
1198
509
2909
1412
1994
3666
2782
3203
1611
829
3257
3706
966
2024
770
3716
254
3806
3685
1479
146
1841
834
3286
2901
2969
3995
634
1886
349
2282
2033
257
1911
2873
983
3902
307
2636
1861
472
1528
3138
344
1769
234
3996
1172
3604
943
2012
3880
3035
2513
594
531
2162
3235
2259
1927
1907
1192
2444
2189
2228
720
2485
1225
3094
2436
1225
95
3583
868
628
2006
3147
687
590
541
2238
2851
2760
1579
957
678
2404
43
2301
3812
1226
1144
1596
1017
2616
805
1007
369
3642
2336
699
1326
314
24
2313
619
2458
2397
340
1087
95
3847
3044
3523
912
281
3456
2359
2848
871
991
3874
328
3414
3455
3897
473
451
1242
642
1647
3526
214
825
1930
696
1404
595
3994
2068
2188
641
1080
2042
2126
535
861
3001
908
622
3693
1294
1118
3718
404
3944
1894
2640
1012
2926
29
3979
2749
2851
2893
2445
2655
3624
354
37
3548
1347
827
62
3905
2239
1572
2887
406
1300
2057
3729
1268
3752
2020
3992
2167
1718
1847
1094
3188
1422
2913
2868
300
445
1898
1202
3329
943
3105
1769
1769
2642
297
3263
2721
1245
3919
1626
1220
1585
2175
2985
2460
1150
1015
1696
504
1033
1852
1538
2815
364
652
1220
291
1918
1684
3919
2585
3253
3587
3270
2249
138
2398
425
3169
28
149
3994
2383
1272
3670
894
878
1015
3105
485
2944
3496
2812
1294
893
2799
1991
3300
2891
494
1075
1550
1775
1315
174
70
1219
2866
834
3239
3912
1253
2464
2509
1150
3089
246
2232
3921
2107
3272
369
2422
3259
158
1648
983
2239
123
1724
907
2707
2190
3157
2346
352
2924
3119
3551
2098
3837
2592
1407
511
1814
2652
1881
3845
744
3742
3246
2579
950
1706
515
3786
1228
625
1205
357
3918
2228
556
2103
2287
3469
3699
980
1412
490
2759
1491
2776
411
1133
3090
3297
3951
3113
123
530
3673
1837
2278
1554
1977
2671
1086
653
1752
2398
3752
1002
436
694
3073
1917
2717
1329
1512
126
3839
3297
2940
3545
1057
827
903
2759
589
22
2587
2109
1778
629
1980
2948
550
1281
1246
1129
2063
2427
720
2678
1092
48
1786
3232
3407
685
1955
770
2710
3957
2422
3946
1466
17
1861
498
2336
1191
1678
50
1006
3887
3389
2676
1144
1378
2131
488
2556
2483
1254
3001
3755
290
489
1216
9
3311
941
3800
2998
1708
455
305
238
2486
500
2793
1614
613
2683
984
3352
130
1138
1034
601
3865
3684
3858
969
1711
1969
3709
2642
3733
438
3685
500
702
1870
584
1257
3693
3641
88
3013
1811
1821
2836
1664
2616
1898
2678
2775
2135
3554
3534
879
2287
1625
2735
2076
3350
2713
2985
2625
3793
2505
823
56
2914
463
474
85
161
3123
2054
3398
3823
3751
1338
1918
7
932
2198
3506
1237
2358
2600
291
1899
986
1448
1085
593
2726
997
1856
829
3339
1343
2429
1796
2743
2038
1507
2768
1054
1794
506
147
3610
1925
3855
1466
240
2207
210
3493
500
2176
3037
3062
1648
3619
1014
2728
3713
3897
1910
3842
131
1091
1035
3916
2287
3524
667
1345
737
2038
1417
1894
1950
2972
2845
2778
3286
2201
2591
2286
326
1119
1669
2007
1730
9
2542
226
3537
3981
717
2471
3385
748
329
3937
2205
2701
3524
2365
1412
41
251
3505
3484
1767
142
2671
2846
2507
1089
3257
1108
267
1858
2679
2200
675
2156
1192
991
1833
2859
2997
918
291
3968
1708
235
247
3463
3403
240
3427
3096
2907
315
2351
587
1280
1777
1823
2880
302
3813
1677
3165
3358
571
2039
313
2145
562
181
2201
2644
1857
2062
2648
1940
3809
1291
1453
980
619
1420
8
2285
548
1978
3676
2614
2710
1372
643
340
2337
622
1502
2035
2130
1359
1437
470
2898
505
799
203
3106
1239
3033
66
517
2482
3580
1024
1728
1772
3314
2383
2141
817
489
3320
1590
1514
2260
852
272
3284
365
3039
3013
3185
1760
3502
1575
734
1060
3715
3650
2596
523
542
417
3378
1053
566
3892
139
1311
968
3056
1788
3225
2223
440
3442
2649
2805
3835
3369
3442
873
669
3975
3177
1138
634
3242
1746
2019
3016
2975
3253
847
957
1525
2967
3582
145
241
1335
3297
3877
1028
1206
2019
292
3642
1466
192
2472
2260
3701
218
2017
1944
2625
1065
3506
1158
3503
3667
1276
47
1633
1790
2047
2146
2004
1153
3902
327
1154
1185
3650
2351
2406
347
1026
971
2337
796
1794
3324
1533
857
3897
3211
1777
1693
2551
3291
1796
1853
1351
316
2037
1362
3761
1985
730
2535
2051
83
807
1937
1585
2791
1618
1183
V
3067
3117
2389
1426
1102
1611
2451
3983
622
1194
3039
755
594
2896
281
1639
1168
1421
346
884
3866
697
2834
2391
2633
190
1840
184
1818
2130
2754
2680
2614
2601
253
3146
3862
2152
319
964
3814
2908
1555
3477
618
3212
1430
2265
3967
3532
1943
2699
3523
3156
3588
3258
3159
465
1763
511
2947
3066
381
1166
1947
1541
3298
43
2465
3195
585
2271
716
201
1207
107
3303
697
834
3612
3068
416
2646
2176
2355
3449
920
1080
3989
2322
3593
3598
2198
1510
653
72
659
2123
2860
3998
3000
1900
121
1321
37
985
913
1916
3954
3486
742
2200
3568
209
2845
2170
1682
880
1109
1208
1260
1707
3850
76
27
125
3608
1775
2885
129
547
3146
482
3715
150
169
1339
308
2794
3505
1106
1698
2218
3956
642
2344
2134
98
680
737
3556
1634
1955
931
2253
3905
280
489
871
3755
2073
177
2702
3416
2087
232
1481
3976
2261
515
939
658
2991
3439
982
3448
1243
619
71
1632
62
3220
782
991
834
673
1564
1303
503
2929
2722
899
3448
2946
407
2223
687
1795
3578
845
2684
1548
1241
486
465
3724
338
654
3169
131
3256
1467
859
2513
1657
3319
1202
143
1277
3507
703
2685
3024
2271
2313
251
1476
312
2851
3196
1489
3521
2102
184
799
3893
2849
2785
2246
188
2463
344
2259
860
872
2017
173
2833
442
1684
89
2016
1977
2517
2299
40
3284
3206
3998
1147
1770
3676
918
1388
3021
2031
1443
1736
390
374
3481
74
2778
787
382
3786
523
2346
980
86
3714
2936
3736
2884
2187
97
649
2086
2753
522
1261
1983
2637
3689
3920
1237
2793
3066
3279
199
3497
2387
1012
2977
3548
122
3203
3246
2703
565
3540
2573
2258
2371
1921
3655
3360
3081
3299
3392
3961
2511
1592
1868
2034
1676
137
2500
1776
1791
2377
3257
273
704
1087
968
1516
3543
3496
3567
2457
2187
438
3199
627
2365
1086
3666
2909
341
1361
2815
1155
2013
3753
3339
707
526
2631
1250
3180
3080
314
839
518
422
2146
1992
1970
1840
309
566
3763
3474
3682
1971
3148
3054
2709
2509
716
430
3067
3690
2664
3772
1542
260
2632
3573
2515
2967
1989
2171
169
2200
656
3851
1445
937
279
3407
1428
2314
3524
372
3328
1074
3462
2174
1935
3103
1588
3418
3464
2154
2127
596
1496
1214
2407
3371
3860
3306
2497
834
224
853
1880
2520
2127
3794
3586
1466
3372
3445
1108
1272
88
100
520
597
1716
1553
2493
2754
258
3591
960
1358
2887
3810
1866
1687
20
260
2314
2436
1029
102
2469
2870
457
2732
3579
2075
3396
2844
3275
1317
3025
2512
2586
1723
972
2058
2096
175
1039
2184
2659
1296
1723
984
2232
1504
2233
301
3591
1481
1409
3506
703
2859
1819
2558
3562
121
1029
3657
1714
3333
3093
1183
2468
3321
3359
1075
3988
1095
984
1365
3265
3715
2747
391
2426
2256
1164
3468
1793
2232
2620
2881
719
129
3949
721
1080
92
3767
3588
1809
127
2826
3160
1519
3221
2036
3315
1457
148
1157
2135
3361
752
209
3479
2295
590
1525
3977
1695
91
190
1373
3420
2302
1703
845
524
2540
610
3828
2638
187
3417
1828
3170
1624
2900
2515
2416
3645
1437
3670
2379
3677
1859
3953
1847
3138
1916
2989
617
3289
2383
75
334
3916
3057
1657
2063
1617
525
130
3443
1985
873
3050
3397
2027
583
2203
2776
1417
2666
2553
2760
756
3418
2845
3555
3444
2825
4000
423
122
3734
3414
3918
3794
1874
61
3176
1075
1986
502
3623
1209
3396
3027
2721
2292
3989
2930
1073
2978
2194
9
255
923
2877
3138
2817
1804
1091
3913
290
1254
1980
3300
323
2903
3603
2370
2655
730
1735
439
275
1227
464
135
2973
349
454
1504
2308
1519
2334
3438
696
1180
662
3145
1660
2962
1908
2577
1473
646
3593
2973
629
197
2812
3536
3836
1230
3717
3533
957
159
1750
621
3297
3725
1121
527
407
984
3446
2575
1692
2589
2539
665
2105
878
354
2943
1005
2624
2853
3626
1612
3843
725
3150
136
1591
2147
3329
3856
3805
3742
910
3382
780
1103
2084
693
2533
1313
2100
2162
3048
2406
3291
1570
1960
629
2140
1229
3581
472
1779
3441
2457
2149
1445
746
126
3211
699
1617
3181
816
2065
227
1473
3480
3594
483
3006
2537
3334
3106
3588
2733
3639
3166
1065
2519
400
1033
1509
1897
1439
3979
2639
246
60
170
745
3363
770
3050
2519
468
2559
144
3062
1604
1191
2187
1227
3604
1005
1301
3769
424
3348
1397
567
1231
1666
2153
1
3618
1174
2787
2669
3598
3580
2225
1729
2261
159
3426
3268
3313
735
453
1170
1563
1571
212
1236
2891
1712
2065
751
961
3546
2768
1755
2788
218
566
1943
2089
2274
2816
3580
2838
1389
3270
3887
1831
2810
641
3322
2320
1882
3627
1021
1412
455
1894
1985
2358
3000
2337
2830
1951
1458
406
2366
2335
2050
3095
593
3271
2120
3018
1314
3254
118
978
3161
1506
154
592
2563
3577
855
73
3135
3017
1051
1194
1946
1853
748
522
62
2345
260
367
2886
2440
2719
1108
1269
3555
51
3433
1800
21
736
3099
2793
3917
2183
3030
1317
3060
1759
584
2400
1136
358
71
3272
2343
1781
1878
2407
296
1687
2404
253
3719
3036
3286
429
679
1961
102
950
2365
2386
3627
1158
2738
842
2939
3594
1097
3034
494
1769
3874
1936
3110
2097
382
1562
1740
1585
1924
500
732
3850
1443
607
2851
288
2041
2770
1224
1589
468
84
3401
3159
3607
939
3464
921
2367
3759
3686
1024
230
3299
1357
1471
3176
197
1684
1989
3620
2947
191
276
2470
1520
2342
2198
546
1655
3159
2059
1795
3792
1342
838
901
1233
676
3737
1439
1959
2581
3086
3014
1285
1254
728
2286
2427
3671
2537
3282
3371
2550
1349
1078
2200
836
3574
138
352
732
3618
1234
2572
3377
1530
1732
3045
343
468
2001
3529
2917
635
1000
1758
1241
582
1624
3942
3132
3750
3540
1300
1576
100
2364
1246
2727
202
2425
84
3390
736
2025
2896
746
2171
3484
718
393
753
3325
3774
3741
2256
469
2071
844
2031
3757
2766
3115
2981
1459
359
125
2009
1312
2668
1718
3929
1591
3100
581
1871
2991
1413
2001
2065
276
85
3683
1912
107
1869
645
3827
437
1367
3593
989
2839
3866
3213
3948
3447
3660
1053
1772
1257
3111
58
2667
2251
671
1146
3926
3149
1875
1775
3044
1430
1537
2764
17
1859
3935
3302
2062
656
3816
1175
2583
2140
83
2025
901
1576
3338
3377
3301
3425
3865
538
2696
2526
2630
2852
1789
2795
3745
1707
2076
72
2491
3885
2820
3980
3196
1159
808
846
3375
1439
1157
2821
2433
1767
3223
2958
554
2272
2956
1390
3626
30
3129
2040
1528
395
491
1649
55
1518
193
531
619
3149
57
2991
2283
1744
2440
1302
1494
1928
270
2394
1034
432
3593
1136
3027
1843
3081
2617
962
718
3908
1921
1246
2167
2122
3783
2783
3007
2492
3871
2616
2196
1144
3764
2772
3593
2936
3218
1413
1882
1468
2722
953
1323
1829
2231
430
1425
1700
2154
2152
3795
1042
3265
384
721
2145
2389
2078
2214
1203
659
203
3754
2250
1059
576
91
639
2824
3396
702
1206
3559
3124
288
1042
2027
2531
2210
2821
936
3044
532
1675
3903
101
3072
2776
3010
2431
2795
623
3737
2891
1016
2453
2755
1783
1934
1189
1856
3961
1946
1924
2543
2660
2488
1944
3348
2585
1390
3669
1789
3199
281
3480
708
1814
2861
3448
1847
3272
183
345
1143
449
1637
354
3550
1889
2824
3826
1252
2191
3640
47
3363
1776
1625
2079
986
2104
2782
378
2351
2049
171
2495
217
730
1727
39
1916
673
2353
3863
2422
3668
3129
1466
2330
260
83
1390
987
1420
736
2141
2667
1633
1486
3823
4
1162
3897
2142
2151
433
1873
362
771
314
3166
1646
121
1811
129
1971
2622
3597
3005
515
800
3211
1270
3553
236
472
345
3831
2383
3262
2396
3152
667
84
711
2759
3373
2296
1907
2015
1453
285
1906
1813
22
2342
2576
2291
1526
2612
2168
2983
1784
3388
794
51
3680
2269
3275
2885
630
336
461
106
1512
993
3825
3551
3017
61
3802
2760
1310
2924
68
3301
3226
257
3141
2049
3656
1808
2450
492
2761
383
837
2220
2271
3680
1726
1520
810
702
2632
325
1808
726
2302
2284
3970
489
1165
1964
125
3535
3771
2852
1998
3725
1512
68
2266
841
3380
956
29
1662
2433
2228
2161
140
667
2238
49
849
405
3049
1566
222
2134
1176
2242
515
148
1363
3955
1677
3455
1659
1722
785
2689
2467
117
2857
2181
2430
538
1630
2390
1844
3005
102
1385
921
3988
1137
1053
3583
1529
2367
1473
1194
2959
180
984
1988
2824
398
3097
595
902
1654
2521
2504
1473
21
1933
954
2825
1034
2058
3666
2733
281
1168
967
1691
869
1927
2829
1480
2145
1704
1450
2834
4
2911
3241
1028
3611
528
3283
2394
1188
3864
3962
2566
600
3252
3319
82
3559
104
2359
3239
3179
1465
1458
2573
3222
923
1757
2868
1261
1299
1344
1235
2842
20
1353
2063
412
812
1794
1406
2882
3652
1761
1899
1272
3843
1695
1085
1536
501
2956
3156
324
651
2689
1940
11
2018
2933
2949
3211
3496
2420
2649
190
2172
3852
3696
3224
3638
650
3801
408
135
2885
1178
2813
642
1305
497
3163
538
2552
1852
2733
3566
2939
3446
1229
195
2527
2179
3746
2929
206
3150
3258
1313
1402
1200
728
693
2354
3796
2543
2568
3150
377
2256
2743
749
2104
2816
2048
3074
966
750
138
170
2332
3971
2054
769
53
1179
3157
982
696
1587
1930
732
279
1860
753
1090
3959
239
3055
3973
209
1657
172
2148
504
3512
175
820
2108
206
2600
789
1262
1046
436
3493
1733
2077
668
404
2368
2900
1055
2168
3213
2115
2130
1794
3978
1855
3013
2832
2890
3327
648
3300
2490
1675
1837
2613
388
3958
3504
3492
2483
2830
3028
1362
953
497
1647
3184
3598
3555
1033
2103
1946
477
225
1082
2196
3624
3633
344
2603
3370
3283
3990
2438
1600
36
3180
3655
653
3400
351
2133
946
1294
1872
2650
2591
1205
178
1706
1320
751
2529
229
1723
1669
786
3775
3185
2652
2885
3038
2916
3190
3682
3075
1760
1851
547
1261
2428
2234
1422
3162
3819
1547
1351
1264
462
1847
3459
1595
3372
1946
1503
247
421
1255
3954
3761
3587
1420
736
617
114
1336
593
1019
1266
1371
2337
2526
747
1645
3513
1483
2816
1106
1727
3202
774
1307
3081
3594
3991
592
215
3224
1858
2701
2850
2323
1286
2763
2703
1269
1375
1153
3849
1236
639
2763
238
2273
1793
201
2344
1520
3482
3371
992
1146
3985
715
3086
2080
400
283
2387
3120
2651
194
2186
1517
609
1889
1500
426
2897
3770
1332
1815
3503
1971
3538
1599
3078
1399
2852
3889
2464
1054
3506
3742
1268
3663
1656
2082
1696
3619
2873
1095
3671
2539
3122
1446
2524
244
366
719
1136
938
600
3500
1193
2555
3125
32
67
2430
723
1557
1819
1876
1693
1911
2362
1133
3729
2523
3150
3278
3827
1349
1279
1778
2339
3176
2945
2126
140
3822
2341
3641
3967
1082
149
1548
1952
908
3552
3111
2558
3078
1010
404
1577
2541
2024
2575
3455
370
3907
486
1000
49
3931
574
2659
1817
885
374
32
2605
1784
3792
1423
11
988
365
569
1995
580
24
1710
3658
142
1286
478
2024
3273
829
3436
1550
518
1010
3744
2868
1266
1591
892
2370
1539
3605
1777
213
2992
694
3410
3621
198
2663
1129
101
760
2843
2441
2090
1495
2643
3621
1487
2147
3965
3487
1272
2944
1467
1475
3446
3789
1350
3828
2955
3505
3282
2247
3758
3286
115
2351
2833
3674
2944
313
3233
2884
1240
3769
590
1684
2210
1988
2796
1246
1913
640
2936
249
1480
1208
3231
3955
3602
1941
2044
3719
3413
2378
2624
3473
3984
3886
1687
2721
258
2703
2440
2607
277
1925
2653
1038
3036
1700
1317
1891
1368
3607
3222
1976
3521
2793
566
1548
259
3685
1532
2830
3783
706
2163
3690
3924
2871
1343
1283
2197
181
3970
3073
2716
52
737
3756
3175
2478
1155
730
2883
3852
3770
3238
302
3677
1605
3074
162
1198
596
2126
1486
3063
1230
3561
3719
1074
80
710
1663
2225
3575
3683
3476
816
1344
3447
3533
2569
685
362
1473
1287
267
2090
152
605
1234
1595
1077
599
2605
3534
469
3185
3418
2965
1617
3015
2067
2997
874
3149
2511
2397
3942
1792
867
1590
21
3356
3949
252
1082
272
3826
1229
3174
1455
2310
2431
3239
1992
1740
854
449
568
1055
1878
2491
3198
3057
2774
2590
2863
3537
1430
889
2540
1586
1842
168
1521
3561
1048
2582
2383
3607
3990
2785
1404
1961
1463
733
393
2844
2064
924
2612
741
693
2444
2271
3920
850
2113
577
3846
2487
1557
604
1365
499
2509
879
3339
2724
3006
2412
194
3118
944
1228
515
1291
417
802
2340
545
237
13
275
1434
1741
402
184
1136
829
2634
438
135
578
3672
723
3264
3660
541
1369
2283
1849
367
3291
3228
2459
72
2107
2306
3002
1435
1771
1556
508
300
3731
76
804
1440
2195
2489
665
2674
3049
1359
2281
488
3765
3714
14
453
2171
979
2767
705
1417
650
2378
2838
538
3460
433
956
2106
527
1938
1367
3915
3156
3291
2447
2183
3636
94
3937
3847
1239
1457
404
3715
1600
2042
2926
2075
325
2345
1864
1750
1277
2598
2335
648
2427
44
3245
1593
762
1270
1176
3140
697
3482
2472
2269
714
3667
31
2807
3110
291
1060
3685
547
760
3104
607
392
2094
1197
584
1951
1558
3436
13
2668
2870
2166
1904
2974
3792
2517
2150
516
2119
244
3389
2498
3712
3092
3875
2564
1126
3008
2371
3122
3728
2659
337
2276
1222
3577
1800
920
2242
612
1713
2210
3636
3264
1831
515
3337
1784
3033
989
3340
3706
2671
3941
1869
392
3729
986
1538
2321
1125
2998
1355
704
1495
2563
3866
1555
701
303
1715
3630
795
1027
464
529
3749
1680
1352
200
4
2443
3281
2017
3291
3099
1859
1731
554
1552
3263
445
1650
2486
3056
573
890
2859
1553
130
2641
2861
47
628
1045
2423
1937
3474
3155
334
757
3052
1392
535
3932
2323
3080
203
3177
1581
1270
1389
3430
3886
2003
3611
328
2275
1761
100
1043
3056
394
3066
929
573
1285
2727
799
524
2202
3588
89
1998
3653
3176
1751
2679
3456
894
2631
3407
1532
2490
3166
522
2128
1965
441
1114
2390
2711
489
1764
2321
189
3822
1265
2004
1755
2723
1317
1855
2587
2426
1525
3819
3303
2121
660
489
2683
2342
2575
2501
1567
2223
1755
1553
851
1517
1227
3487
2603
3738
902
1902
2750
3968
2103
266
1882
3844
711
2509
2490
1859
2185
2122
2107
2587
3988
3372
491
973
2519
2074
354
1282
2663
3997
214
1452
1116
805
3786
334
1565
2505
838
3454
1785
334
973
2922
3545
3371
1258
89
2130
298
3341
3924
3902
3344
1877
1732
3501
3649
1614
254
312
1694
2333
3452
1815
3600
217
3213
2835
3850
253
913
2142
3210
3451
1181
1570
1536
563
3366
1112
818
3012
764
3322
607
1346
3444
1851
2594
2665
2443
3445
3834
2737
2503
1026
3560
1954
3008
1007
3544
1130
2752
1071
3396
1229
1542
2060
3221
2716
945
2179
3659
1385
3739
2384
639
3738
1636
1031
3783
316
81
2022
2426
1753
1205
1447
3413
1005
46
826
1245
2550
2995
530
133
10
2317
2430
3762
1134
931
2747
1533
1284
2874
2440
1881
836
988
571
1590
3630
1561
1522
2598
190
1164
2445
2622
706
2816
2714
2335
1000
1138
1616
2165
59
3512
384
2847
944
738
1832
656
252
352
1291
53
296
421
62
2361
1768
3274
35
134
1192
1302
379
1388
3880
1501
2616
710
73
1062
3953
2971
2824
2065
538
2051
1611
792
979
2444
3162
822
2719
2299
3184
934
696
2710
1073
3469
704
865
2846
1850
1051
647
3143
2445
156
2460
769
886
2302
769
1848
607
3188
2536
2310
365
1634
3352
3141
2626
3725
3347
3201
839
2032
3222
3218
3625
1585
2816
2345
353
20
2071
3368
920
175
488
3031
2346
2717
45
3700
1163
1686
116
1322
2503
542
3805
1574
2734
3453
3812
230
2225
2160
1984
3666
3846
1951
2827
592
2898
3214
2372
3987
2663
3191
1585
1907
1419
1623
3720
1667
219
1992
2960
1567
1104
3280
2499
868
1346
2104
1431
2021
2026
1535
1822
3834
236
2288
394
828
3349
625
693
3919
801
1245
2432
1087
1696
3509
1754
3598
3193
3122
2820
908
1072
1023
562
1992
2053
1252
1524
966
957
2981
3062
466
3524
301
1829
1236
3954
613
1683
3877
2158
1290
3293
3200
1777
2462
843
3132
3661
701
3639
1081
621
2546
2930
2169
2142
2763
835
3634
271
3083
2001
2561
1365
2142
100
2337
3666
2834
1030
828
3255
1029
2320
1985
3111
2169
418
1398
126
3407
3411
464
49
691
970
1345
600
2644
2156
465
2538
1559
1207
912
1415
3948
1294
1130
2588
2081
86
765
3235
1077
2016
2119
1385
848
649
548
1556
2833
2782
2838
3428
1897
1860
325
3800
3654
3702
842
405
3730
3216
2566
3651
1533
3084
1720
2297
440
779
239
1242
804
2007
2621
671
3850
3206
525
1079
3788
1985
630
140
3899
3974
2639
3816
1003
42
486
3064
2212
67
2828
1584
3931
2566
83
3983
832
236
3291
3813
3257
3803
1449
2514
2127
2498
3065
3216
294
3908
438
2419
339
2425
71
3184
2346
1329
2060
3484
3222
538
3561
3350
2924
2884
3906
3848
1314
2787
2985
2410
2235
501
1971
840
1158
1669
3857
486
3593
3023
734
736
3384
1828
500
3062
2091
1136
101
1480
2574
2907
2886
1246
1210
1837
3982
940
1700
2102
1408
2196
3220
3085
3428
1356
1561
2134
3453
801
604
3689
1399
2876
3570
305
991
3844
1558
3858
3320
3876
150
2191
3947
2799
3468
2347
510
2081
2480
3982
3208
3720
139
426
1700
771
15
511
356
233
1766
2619
3721
238
265
710
2704
545
51
542
302
345
1428
2142
2911
3697
2825
3684
3099
2641
1132
3571
3755
3536
904
3446
3610
3415
2033
2918
3631
1319
433
2414
91
2462
133
2636
1518
2646
1322
1819
1806
334
722
3247
971
3789
2395
3009
1228
836
578
1676
206
51
2643
3255
2319
1391
2725
980
3366
2755
3172
2023
1845
1268
2510
2411
3873
553
3875
978
1698
3371
1942
268
342
618
969
1066
3322
2656
728
2915
284
2138
2933
2550
1163
883
2036
593
1136
931
2535
1521
1729
1689
3725
2635
1234
1604
1126
2123
783
761
1066
3931
265
1424
3323
487
909
2639
632
1566
2427
363
564
379
2420
3852
742
1316
1077
1169
3522
2099
3588
532
3240
340
553
2831
475
782
3743
1119
2901
1701
235
1607
2681
1791
2924
1400
169
486
3635
1456
3545
2445
2709
801
1220
2519
350
948
3581
1300
1449
685
2120
1133
3341
3889
1771
3298
1434
3141
2623
2546
1541
728
2251
1083
1248
100
51
1731
397
305
332
2806
52
1083
1140
2768
371
2677
2144
2557
1974
3117
3958
287
3367
434
2844
2673
3815
1299
3472
938
3262
810
921
3587
1328
442
1054
3324
529
1492
598
3100
1882
1824
1311
3672
3579
3994
3091
1654
1235
2267
248
114
3423
2746
1975
3489
3023
3378
1520
84
3967
806
2795
3647
325
1442
3090
3099
1798
67
2461
392
2574
1466
2606
2807
1439
397
3519
263
3945
1727
1016
2894
3324
3570
1125
219
1370
2473
1671
3162
16
3826
2730
1495
38
196
3831
550
1301
1702
2795
2562
1304
2993
1960
949
3207
2614
970
3640
3456
2562
2652
411
678
577
2540
1223
3503
225
3197
2850
24
1913
1724
1715
1372
809
1621
2982
1157
3299
2150
146
2498
3467
3444
3449
2393
1532
2205
3696
3295
1451
3150
1952
582
3599
1846
1676
246
3585
1434
2101
2400
1568
298
2010
942
2232
2100
899
2975
388
760
3263
146
3730
1660
1325
768
967
3969
3928
2095
2850
3797
1543
1924
3397
1418
3412
1369
49
3782
3834
2575
689
1885
3669
2469
2426
2205
3845
2922
2961
3912
3923
3952
2701
2343
631
3426
2431
3452
1721
2199
528
3481
406
1383
426
1615
613
2205
3193
10
2939
1006
2867
667
172
3081
2965
3542
3027
3887
1936
734
3252
2725
3077
3293
160
2952
3597
1528
2808
288
28
1921
2806
3128
838
1711
584
1804
3138
1484
1342
1636
622
3278
2279
2081
435
712
2230
854
1931
1409
2731
3449
1633
3142
2671
3417
3064
1819
2816
3985
2510
1975
1742
1886
1409
2961
3749
3086
1779
2102
172
506
3402
797
173
1110
732
988
3671
3526
2185
3803
1728
1747
3689
1353
1198
990
1896
399
952
19
3374
258
3720
3874
2916
3069
2884
1611
3860
2126
3597
2840
1584
1519
1160
1519
3062
2168
604
167
1939
2227
3194
1883
3877
3761
739
2558
3781
2555
3079
2062
869
522
1674
1099
758
3259
1420
2346
1902
190
2217
1957
3240
3726
126
533
3179
422
717
1763
2288
209
739
1531
606
3491
3800
1570
408
1254
3414
3657
1786
2584
349
2594
800
1363
1607
3667
1736
2220
1672
2665
600
609
1848
15
2915
3213
3508
2623
328
2493
321
3000
3899
3272
2387
2193
553
218
525
2989
694
3090
3689
2415
297
269
347
1359
1738
3746
3569
2798
2826
1648
222
3238
644
1908
3671
550
547
3040
253
2013
2021
3432
477
692
2526
2846
2100
417
3775
1057
2678
2873
3737
1009
2897
2310
3133
359
3789
2745
5
931
728
3650
2520
869
2175
3902
362
256
3967
2928
1314
363
2781
819
1729
3290
1714
942
224
2797
2732
841
2232
136
3633
3583
1383
1251
645
853
1458
1602
269
1034
774
1895
2420
527
2884
2534
783
3513
1437
826
1053
1813
25
1846
1297
2203
3774
1759
306
678
1359
1112
1282
3651
3571
1981
254
328
2360
1717
1798
2119
1719
3778
382
66
153
2714
372
2177
2587
2875
2243
2242
2510
3098
663
3249
2243
1149
593
537
3621
618
1230
1625
3782
639
707
1562
351
548
459
3040
1906
1982
2469
415
3602
1317
2295
1968
3046
2168
2040
164
2601
1775
2445
3000
1526
81
3218
2825
450
2087
3675
1258
2186
3216
59
276
1231
2583
2212
3038
2271
963
592
2029
662
1613
1697
877
101
3959
3172
192
3249
123
699
2551
1759
1729
1146
3743
3439
3861
3474
478
3494
696
3405
1214
2033
1526
2905
296
1222
1849
169
85
621
92
2839
3233
1120
2338
3567
2433
1263
2535
1832
3638
2695
2103
1012
515
2643
2270
3835
3548
1731
1504
3042
607
2412
298
2738
103
