T 5000
C 500
I 100
P
42
3468
1335
1501
4170
725
1479
4359
1963
4465
706
3146
3282
1828
4962
492
2996
1943
4828
437
2392
4605
3903
154
293
2383
2422
3717
4719
4896
448
1727
4772
1539
1870
4913
668
1300
2036
4895
3704
3812
1323
334
2674
4665
142
2712
3254
1869
548
2645
2663
2758
38
2860
3724
4742
2530
779
2317
3036
2191
1843
289
107
4041
3943
4265
2649
2447
3806
891
1730
4371
351
7
1102
4394
3549
4630
2624
4085
4955
3757
1841
4967
2377
3932
1309
1945
2440
4627
1324
538
1539
1119
2083
2930
1542
4834
1116
4640
4659
2705
4931
3978
2307
1674
2387
22
3746
1925
4073
1271
830
1778
574
98
1513
3987
3291
4162
3637
2356
4768
3656
575
4032
2053
2351
1151
1942
1725
3967
3431
1108
192
3008
1338
458
2288
2754
384
4946
3910
2210
4759
4222
3589
1423
4947
2507
3031
1414
4169
901
2592
3763
1656
2411
1360
2625
538
1549
1484
2596
4042
3603
4351
292
837
4375
1021
4597
4022
2349
3200
4669
4485
3282
4735
54
2000
1419
2939
1901
3789
3128
468
3729
4894
4649
2484
2808
2422
4311
1618
2814
4515
4310
2617
3936
2452
601
250
1520
1557
2799
304
1225
1009
845
2610
4990
2703
3196
486
3094
4344
524
1588
4315
4504
2449
201
3459
1619
581
4797
4799
282
4590
799
3010
2158
473
3623
3539
2293
1039
4180
3191
4658
2959
1192
4816
2889
4157
1512
1203
2635
4273
56
329
2647
1363
4887
3876
3434
4870
143
3845
1417
1882
1999
323
3652
22
700
3558
3477
2893
4390
76
713
2601
2511
1004
1870
2862
4689
3402
4790
256
1424
3
586
4183
286
2089
1427
3618
3758
4833
933
4170
2155
722
2190
4977
1330
2369
3693
1426
556
3435
1550
2442
4513
146
3061
1719
3754
1140
2424
1280
997
1688
2530
2550
2438
4867
2950
194
3196
3298
417
3287
1106
4489
1283
2456
735
3115
1702
1317
672
787
2264
4314
4356
1186
54
913
809
1833
946
4314
2757
3322
4559
3647
2983
482
4145
3197
223
2130
2162
536
451
1174
467
2045
1660
1293
1440
2254
25
1155
4511
4746
650
3187
3314
4475
3023
2169
4019
3788
4906
2959
2392
203
3626
1478
4415
4315
825
4335
875
4373
160
1834
3071
2488
3298
2519
3178
2774
2271
1764
2669
2193
3986
3103
3481
4214
2628
4803
4100
528
2626
1544
1925
1024
4973
3062
4182
1004
2433
2506
2594
2726
3032
3493
143
2223
1287
3065
2901
4188
3361
2414
975
4271
4171
236
834
4712
761
3897
4668
2286
2551
141
3695
2696
1625
3020
2126
1577
1695
2659
1303
2372
2467
4679
2594
3852
485
1019
3465
1120
3153
2801
3088
1061
1927
4011
4758
2171
316
4577
228
2044
2759
2165
110
2883
2087
4566
3488
4578
4475
2626
628
630
1929
424
3521
1903
4963
124
4597
3738
3262
196
2526
1265
3261
1203
3117
31
327
4012
772
1412
548
1154
1521
4791
4925
189
1764
4941
852
3663
3830
901
2714
3959
2579
3366
3008
1478
1201
1059
1440
2304
2761
4358
2325
1478
109
1114
4888
4802
2851
4461
2429
2994
2385
4406
1541
1112
3705
2836
2357
1073
4351
3824
4486
557
3217
1627
4358
3527
3358
4338
3272
3870
4362
2897
3023
4618
113
2718
3697
1586
4042
4424
4130
4230
4566
1560
3933
2297
4856
2054
1963
3585
4735
1655
1973
1458
4370
2533
2964
2608
2484
912
1636
68
2849
4676
2939
2224
2143
3755
1512
2742
176
1460
2826
3222
2871
1627
1935
206
1784
3851
2399
2280
2702
2194
2735
1638
1535
557
1994
177
706
1963
549
882
301
4414
1642
4856
4856
3143
1463
2612
878
425
2679
1753
3444
3297
2674
41
4314
876
73
2819
611
1018
4933
3113
696
3170
3832
41
1489
3686
4091
4498
2590
991
146
4354
4315
3652
1741
2045
1259
336
3760
1193
2606
265
2182
3504
3830
3776
609
4293
998
2550
4557
562
1628
1468
4542
1130
1241
2814
4175
602
1078
216
3684
3214
3993
825
602
3393
760
2671
1429
3028
4085
76
3787
499
4971
1288
3848
2605
504
1222
2664
707
2364
4011
2172
2490
3241
2165
543
2620
914
2592
1705
1819
4233
751
206
4976
1540
304
1423
1099
1248
3585
3649
2972
2865
2914
1076
1546
3713
2547
3679
1770
263
3520
3986
3290
945
2866
3541
3246
509
3319
2871
4602
3324
1133
4473
2153
88
3571
4764
4902
2104
4424
3528
1601
1970
4016
566
29
1544
348
2089
2944
2638
2410
1464
50
4682
1589
1343
609
2061
1222
1759
4955
889
4147
691
2950
2844
1431
621
749
2068
4537
784
3036
2227
186
2039
4854
630
1225
749
4924
3360
2258
4767
4945
4956
3319
2727
412
1026
356
1002
2550
4497
3585
4516
2965
3343
3076
2914
1143
1197
1949
73
427
4607
1174
4430
2405
1706
627
4813
4376
94
1566
1037
4737
4142
815
995
3257
1653
3937
839
483
1356
1016
1132
3231
2842
4626
2012
2638
4187
4691
1651
663
1635
894
354
1417
3453
4009
2263
2234
455
1304
1635
1304
4257
149
1125
2318
4214
2110
4029
4201
1081
1319
1859
4051
4156
1362
265
1904
3677
4644
1910
4903
3562
3490
4949
1283
3654
675
2221
403
1924
3832
4370
3879
260
4009
2620
3972
4
1946
4782
1505
2393
2686
314
1699
590
2723
939
4038
1411
1462
1235
2509
4962
3960
1494
1516
270
4938
3870
59
4701
3972
1265
118
1216
4556
2816
3331
3040
213
4289
3083
1955
1086
711
4485
4775
3381
4816
952
1542
3116
1680
2111
899
3074
789
3978
3133
4957
3690
1114
9
2942
791
1724
1364
29
185
4779
2201
72
1886
1975
1072
1334
2868
1154
4296
2169
826
4677
630
3651
2599
3310
4694
4687
81
117
2250
1668
1529
1680
2865
4422
3406
3827
1817
2517
2727
3667
4088
2682
4965
1341
687
1022
1663
4722
1065
4310
416
2903
4874
2125
3942
2746
1763
3424
2532
4807
2269
4319
603
1908
4308
3482
1013
1137
1631
4115
1810
4085
3557
2291
1294
4997
4153
1055
346
4709
249
2492
3713
132
115
1440
2959
4723
4705
1996
1053
270
2480
3239
1424
2919
867
2660
2499
3487
1197
2463
1634
2159
2023
1147
3393
3038
3926
648
4459
1603
808
4099
2831
4293
4601
2279
800
3353
449
3883
541
3316
4576
3763
4568
2337
3398
1419
4898
829
3852
1817
4231
4450
1926
659
230
4521
941
4561
148
163
1656
676
793
2362
1755
1399
3147
3715
1947
1189
4570
3639
2664
76
4516
1522
476
616
529
3235
2571
906
4465
4558
3963
4162
525
2550
2470
331
1924
3351
4334
2926
911
4738
1337
3338
1279
2394
2637
715
3165
1592
4950
4136
2506
3338
5
1338
2624
3665
4971
609
569
4282
2086
4153
3374
3653
3195
4877
3827
3397
2573
1250
4641
4175
3820
944
2612
1942
290
3420
566
3806
2586
1217
1451
1616
2610
1065
4167
1894
1075
3510
301
4696
4574
590
3162
1173
2969
2359
1032
1269
4427
3511
423
775
3780
911
3553
4183
392
496
765
875
1365
4903
3256
4461
475
1973
1822
1123
548
1578
4790
606
196
2595
2951
1344
755
2482
1013
1673
3440
3429
913
4763
968
4409
4416
1909
2224
1760
1435
205
4487
4320
959
946
1807
3167
3701
1368
2693
1788
3533
557
975
3448
22
3284
1223
4332
2377
3584
1949
2724
2983
2019
4777
4221
1112
2183
3857
4491
3926
4325
1487
4678
970
1644
2535
678
2669
1069
1992
2197
2784
1829
2728
4427
872
698
2613
3704
1028
1409
546
4509
2186
239
4238
1444
1314
2502
3851
129
2112
3651
3150
1193
1455
870
682
2466
268
2714
4794
3635
473
973
2831
4902
3443
178
3878
771
703
4365
1382
1591
3824
2238
3024
2180
1596
170
2328
2043
1311
3183
1059
2927
4488
1671
2529
652
2259
2214
4861
784
1287
2743
3611
4473
2129
3435
842
719
3504
4868
4866
939
1882
4258
2751
3615
3599
3459
2662
1064
2757
808
279
4490
4436
1366
2076
2587
1387
2834
3361
3331
1049
3929
4493
2434
3841
1767
1736
4811
1600
1838
1893
1983
2329
4353
1370
1245
1795
1609
4253
1648
2433
4536
2209
3265
3498
3244
2650
2016
1842
190
1101
4813
649
4524
4852
4475
3634
4892
2201
4855
4991
698
4920
2781
2579
2932
2545
3341
3488
900
2526
3484
539
2493
1194
3253
12
1561
835
1841
1498
2786
3530
1541
3806
3792
3393
3211
3550
1579
1980
972
4278
74
194
1621
1498
3827
1277
4791
1583
3579
1160
419
1490
160
3450
2925
4073
381
2009
2968
209
1478
3504
371
2608
4197
2075
3723
2612
4020
3762
1057
2891
1164
1684
3717
4933
453
2742
4955
1814
2863
397
461
616
905
2600
137
4681
4199
2033
4388
2585
2241
3518
2007
3671
242
3883
250
3524
1759
2106
4622
2096
2297
4917
679
179
3580
59
2578
2751
4008
3730
4082
2996
2679
4677
2754
900
1785
566
3094
3609
1173
1244
4930
2515
169
56
1192
974
3923
1749
652
987
2145
1447
1578
1518
4630
4917
875
792
470
2913
3147
694
4092
4816
1950
1858
641
1053
237
3552
4488
1227
3163
1956
3184
3395
181
1098
3066
2066
2514
4262
2579
1079
1879
4141
4612
1948
2446
171
4976
3490
4751
1150
3334
3866
2215
2283
2008
2433
3897
1368
3523
4883
1811
2642
2232
2188
1706
1480
1322
1539
1352
4448
4209
4647
2277
760
190
423
2667
3487
3456
2029
4615
4861
4254
1778
1349
2504
862
2432
4083
2456
4198
2107
3753
822
2297
1282
1022
4456
948
2125
3319
4136
1377
1775
4860
4999
2075
4254
1923
636
1644
3889
3154
3233
4748
3681
4927
679
1451
4802
4962
4200
856
1364
717
574
1562
3246
1474
3275
1551
4354
1182
4288
2700
3111
3644
2466
2173
2530
4982
2113
3477
4382
3248
1891
1672
3806
2373
33
3990
4321
3166
432
4659
1294
2207
1579
1949
2207
2172
3167
3397
1698
1021
3695
530
4789
110
2985
1970
3979
1618
4016
1627
3685
4169
2907
929
2098
3119
4391
200
1786
4487
4200
2421
711
3272
814
2416
1086
319
3581
1332
2268
3388
3445
3187
4508
4361
2828
3075
1432
2153
272
269
4694
4886
338
1312
2605
2678
407
2769
4023
4414
1
543
2538
39
1389
2356
3290
1648
3182
3094
1585
988
762
494
3218
4502
2483
4448
666
754
2105
85
4096
3526
222
3965
1782
4873
3107
3657
3344
2594
2081
1081
4869
1412
3714
969
3252
2217
2080
3769
2041
1532
2934
3780
664
2260
1654
2937
2096
4366
1875
2721
1836
681
3977
3456
726
4072
4809
3560
4157
603
2833
2906
441
2376
1563
2886
1963
1081
1837
798
1203
509
81
341
2077
4059
1494
2741
3547
475
4774
4098
3881
3336
1073
3401
708
2956
667
4142
3589
2482
2169
3316
4397
1226
1010
2013
3137
1456
3763
44
743
22
2923
4513
4249
1019
2369
3718
4715
2651
3291
3336
2760
3170
1896
304
2641
1980
4200
4106
4792
3662
3682
3653
3754
4034
2030
988
2043
1254
84
1421
815
2719
2245
1064
2230
653
3865
4770
471
6
1048
1595
1488
4327
3277
1324
1541
2680
3991
2589
4711
4272
2946
4222
3471
184
3590
3956
4979
4780
7
3263
136
3488
2197
4034
2089
2936
4780
994
4791
4963
3966
1002
4106
1808
4568
2670
3135
2672
1458
2999
3546
3598
4219
3839
4845
2373
3564
1029
4265
3802
4724
3491
2605
1602
4228
1198
3693
4772
364
4302
2364
2722
3566
2422
3446
3611
496
1742
23
1813
4152
3016
3056
3394
3739
280
4883
1609
2655
3823
2708
4246
1339
145
2291
1340
3155
4605
4624
2226
79
1725
1982
2331
4734
3224
595
4131
3847
4988
4446
3806
3617
751
490
2339
1964
3136
4698
2210
1631
3225
1909
1738
4475
1921
2373
294
3856
1735
4562
1057
2607
3185
2076
3383
4120
1742
433
4685
2780
2280
3284
668
837
4126
4119
2738
3029
2120
578
738
4092
557
2796
1061
1902
3794
3433
2137
4581
4876
908
1185
3075
3720
1791
477
42
3352
3330
1291
2975
3073
3592
2190
788
1491
3240
4894
3054
2064
682
904
2006
4177
3480
1696
1140
2469
3999
1084
3640
4516
2622
4994
827
723
3839
4829
2582
4400
3979
1892
1024
1944
4835
4244
2350
2703
3708
503
142
688
3347
892
4638
3414
1401
2817
1691
3163
3936
4127
4411
4878
1383
1261
2190
1706
3875
2664
723
2196
2567
1361
1039
3589
2812
3246
4468
2426
1868
3190
543
3064
1548
503
4618
4100
24
2227
1204
49
1052
1571
3637
4459
968
3457
4406
1532
4963
1820
2976
557
2532
1496
3045
592
1804
3389
3916
2451
2320
1273
792
4384
134
1776
4643
3570
3301
2955
2079
3586
2258
334
894
491
104
4751
2234
723
4272
4612
3991
339
1642
3259
4048
2353
4659
480
303
2684
3991
3
569
4423
1896
1136
3009
2362
1743
2195
3700
3189
179
4043
1358
3942
1848
2470
1346
4381
1914
4965
711
62
386
74
2505
4463
2704
3103
1070
155
3530
1553
2075
4150
3731
2245
845
3050
4119
4066
1364
4553
3774
3471
4732
1748
2512
870
4399
499
2104
2353
680
3054
3044
4523
1089
1564
835
4851
2023
2241
1912
4493
652
3581
478
2617
4877
4179
221
4616
2349
1799
2180
1636
1858
2884
1663
3903
3263
4421
4771
4023
4274
842
2687
3889
3918
1718
1893
3699
1268
1750
66
390
1933
620
1082
2004
4131
3029
3632
4590
3153
3631
4173
4865
1408
2296
429
4682
3491
1611
1178
1072
237
1460
644
1841
2634
2038
3894
2631
275
2994
3783
2204
2462
3291
4663
2308
998
1152
3424
3891
1718
1641
3704
567
4884
3662
2660
3246
387
2652
2766
4602
1841
2210
1498
2284
4251
3059
3422
176
582
1788
3272
4288
3000
2505
4980
2139
701
531
2462
2119
206
2541
3829
4460
1623
4399
3761
2099
2936
482
615
4568
3494
3597
4162
2747
539
2671
539
1477
1556
4918
1372
1761
753
3759
434
2256
4066
727
2402
3035
2760
394
549
2274
3793
1194
2934
138
2104
3691
3212
3695
4669
2628
2499
990
249
3880
1648
1150
932
670
876
599
450
437
4600
124
1444
1732
3155
2862
4435
4386
3968
817
1394
1705
4867
954
309
3224
3685
793
2668
49
2470
3931
812
4815
1091
428
3744
1605
600
1475
2196
507
159
2590
4859
2810
2890
1448
41
3819
4365
2976
27
90
2504
67
1413
1841
2571
4677
396
3642
4987
2652
1110
3188
84
1086
3391
1251
3687
4756
1382
3129
503
4278
863
1425
3566
3873
833
886
4429
1647
890
1479
884
4926
1266
1261
46
779
822
3856
2521
2928
4774
135
2252
2676
3337
1335
1002
2738
4311
975
2591
357
1072
2081
936
2146
2283
1826
3719
3574
4713
3038
4999
4906
2163
1718
3693
4540
3048
947
4104
232
4116
840
859
830
2646
3395
2200
4646
4273
676
1863
2073
3774
2481
1239
1898
3543
4609
4204
3278
1126
135
1402
4079
3383
170
737
2479
2940
1139
3722
1427
664
1678
1576
1725
982
2701
2962
3863
1003
3449
96
685
4017
138
4508
3994
1285
2945
260
822
2059
4644
2669
678
120
4858
3042
3892
265
1624
1916
3073
2930
842
4716
2616
2537
4958
2760
701
3453
94
4242
1830
2449
228
1799
1225
325
2275
3134
2886
39
2171
1863
2630
85
1910
4879
1924
2086
4401
3025
4194
3106
4413
766
768
408
678
3785
705
4791
4835
892
622
3086
2735
191
543
2999
2087
2019
622
425
2598
1377
4255
4670
3109
2928
2494
1069
1367
4103
2439
2601
820
4319
2291
4985
1340
2557
809
4633
1479
1815
3788
2240
3075
21
828
2555
1989
2442
1799
3643
4003
1322
105
3947
2057
3510
4834
2709
4762
1534
687
4805
1386
143
3843
2261
2162
1621
4344
4579
1188
114
3064
4592
935
416
657
4762
13
3412
1960
1252
3739
3371
1125
508
3008
2585
952
3102
4490
4959
442
1791
2014
413
4856
1061
2094
3473
403
2677
3544
2374
1267
2652
276
1529
533
762
470
2504
2730
2108
2893
2452
2954
3393
2571
3520
4473
3408
2495
4506
3441
384
4263
1410
3608
3039
4361
472
1172
655
4948
1515
4524
1230
490
1767
2888
4757
1633
2471
740
667
3523
2284
3161
2554
4706
2092
1260
387
1688
4630
43
3318
2046
2357
3389
453
3155
467
1834
2761
1920
632
1739
1268
777
1099
4315
1321
3054
4008
1470
4217
4723
4843
4008
464
1261
948
3794
3631
3718
3044
1377
315
1627
2118
1335
621
4172
1793
3965
4155
3867
4694
665
3776
3001
2213
1101
2552
477
1380
944
2878
3790
362
1386
3273
1435
145
4562
564
4505
2947
3889
309
2158
1431
124
1465
4075
4347
3838
1982
319
1612
1293
2592
3833
2124
1462
1992
1462
2331
3499
2370
2292
3401
4180
4118
2318
4915
1596
1442
937
1868
2029
1454
2910
3974
2982
1504
1570
1817
1884
368
386
3403
231
2158
3682
568
3311
1867
3688
3172
3478
1246
2765
1239
2672
2048
1116
4593
2312
2658
1406
54
2172
581
2741
2531
3676
4321
791
3378
999
1587
1605
4490
4632
4745
3389
1611
3719
1920
3260
928
4610
3120
1480
2717
1301
1397
1854
1459
831
4594
807
4850
4855
4273
1161
2295
2055
1334
147
4230
472
429
560
2242
4422
2689
1367
2034
1686
2271
330
2262
2861
2209
3983
2163
2507
1879
1980
1898
2888
1539
4470
784
2541
2796
2267
3634
3510
4558
2318
1135
2054
3136
2259
2594
2844
1694
1467
2952
3141
1095
2938
175
2513
1098
4552
2696
1818
3493
1293
238
2531
614
297
1711
2390
629
810
3787
1745
3841
3183
3570
1121
2394
1293
4963
4215
2528
1808
3195
3706
4714
2012
3914
1694
4665
1204
3996
2763
4382
1947
4910
1049
1769
1625
2512
2955
4236
1128
4634
3241
1863
128
2578
3818
2341
143
101
3401
1559
1477
3155
936
1431
832
1296
3538
624
2923
2928
3030
212
1212
1755
1881
2254
3294
1322
786
1529
444
1001
556
4672
4271
2453
4376
4632
3641
3935
3041
2987
3835
4249
1540
3766
2797
313
2263
53
732
3988
4465
2558
4249
4557
171
451
2183
2302
3294
4100
3333
4045
2332
76
1005
4051
27
4067
1739
4802
4624
3844
442
3381
4696
2919
3660
1364
2629
1330
1089
3855
3614
4980
3570
667
2680
2578
2838
3403
3116
3293
1724
2873
4449
324
1154
949
4396
198
4509
2909
2412
3994
2666
1782
3203
2611
4829
2257
2706
3966
3024
770
1716
254
1806
3685
4479
2146
1841
834
4286
1901
969
3995
1634
3886
349
3282
3033
1257
4911
873
3983
3902
2307
636
2861
2472
4528
2138
3344
4769
3234
3996
4172
2604
3943
3012
2880
1035
4513
4594
531
4162
3235
259
1927
907
192
4444
1189
228
2720
1485
225
4094
436
3225
3095
3583
3868
3628
2006
1147
2687
1590
541
3238
2851
3760
4579
3957
2678
2404
3043
1301
812
226
1144
1596
1017
1616
3805
1007
3369
1642
336
699
1326
3314
3024
2313
4619
3458
3397
3340
1087
2095
2847
2044
1523
2912
1281
3456
1359
1848
3871
991
3874
4328
3414
3455
1897
2473
4451
2242
4642
647
3526
3214
1825
2930
3696
404
2595
2994
1068
2188
4641
80
42
3126
2535
4861
3001
4908
2622
2693
294
118
2718
404
3944
2894
640
4012
1926
4029
4979
749
2851
2893
1445
655
3624
4354
2037
1548
1347
827
1062
3905
239
2572
1887
1406
300
2057
1729
1268
3752
2020
4992
3167
718
847
2094
3188
1422
2913
1868
3300
2445
4898
1202
3329
4943
2105
1769
4769
1642
1297
1263
721
1245
2919
4626
1220
2585
3175
985
460
3150
2015
696
2504
33
3852
1538
1815
3364
4652
1220
4291
918
1684
1919
1585
2253
3587
1270
1249
2138
2398
425
3169
28
3149
1994
383
4272
2670
894
878
1015
4105
485
2944
1496
1812
1294
3893
1799
1991
1300
4891
3494
4075
1550
3775
4315
174
4070
4219
1866
1834
239
4912
3253
1464
1509
150
3089
2246
1232
1921
107
4272
2369
1422
259
4158
4648
4983
3239
4123
2724
907
3707
190
1157
346
2352
1924
2119
1551
2098
1837
592
3407
4511
814
4652
881
2845
4744
2742
1246
4579
4950
1706
4515
4786
4228
3625
2205
3357
3918
1228
556
103
4287
4469
1699
3980
1412
2490
759
3491
776
3411
2133
2090
2297
1951
3113
123
2530
2673
837
3278
554
3977
671
4086
2653
1752
398
4752
4002
436
1694
73
2917
1717
329
1512
2126
1839
2297
3940
1545
1057
2827
2903
1759
4589
2022
2587
4109
4778
2629
1980
1948
2550
1281
3246
129
4063
427
4720
678
4092
4048
3786
3232
2407
3685
1955
1770
4710
2957
2422
946
3466
1017
1861
1498
3336
191
678
3050
1006
2887
3389
3676
3144
2378
131
3488
1556
2483
254
1
2755
290
2489
216
2009
1311
941
2800
2998
4708
3455
305
3238
486
2500
793
4614
2613
3683
2984
352
1130
2138
34
1601
1865
3684
1858
3969
1711
1969
1709
2642
2733
2438
1685
2500
2702
4870
3584
4257
4693
2641
2088
13
3811
821
4836
1664
616
898
3678
2775
135
2554
4534
3879
2287
625
2735
3076
350
713
1985
625
2793
1505
3823
4056
3914
463
4474
85
4161
1123
1054
4398
1823
4751
1338
3918
4007
4932
2198
2506
4237
358
1600
3291
1899
986
1448
1085
593
3726
3997
4856
4829
339
2343
4429
4796
743
38
507
1768
54
4794
3506
4147
3610
3925
4855
4466
2240
1207
4210
493
1500
3176
1037
3062
3648
619
14
1728
713
2897
1910
2842
131
4091
4035
2916
1287
3524
667
1345
2737
2038
417
894
1950
972
845
2778
4286
1201
4591
286
3326
2119
669
7
4730
4009
4542
226
537
1981
717
471
385
3748
329
2937
1205
701
2524
1365
1412
1041
251
1505
3484
1767
1142
2671
846
507
4089
3257
108
3267
858
2679
4200
2675
4156
192
3991
4833
859
997
3918
3291
3968
1708
3235
3247
1463
4403
3240
3427
4096
907
3315
351
4587
280
2777
823
1880
2302
813
677
3165
2358
2571
1039
4313
145
1562
3181
3201
644
1857
3062
2648
940
4809
4291
2453
980
2619
1420
4008
2285
4548
4978
676
3614
3710
3372
3643
1340
1337
2622
1502
1035
3130
1359
1437
3470
2898
3505
4799
4203
3106
1239
33
66
2517
4482
580
4024
1728
1772
1314
383
1141
4817
3489
320
590
514
3260
852
2272
3284
4365
2039
3013
3185
1760
3502
4575
3734
60
2715
2650
1596
3523
4542
417
378
1053
566
4892
139
3311
968
56
3788
2225
3223
1440
2442
1649
1805
2835
4369
1442
3873
2669
4975
4177
138
634
3242
746
3019
1016
2975
4253
847
3957
525
1967
582
3145
2241
4335
297
1877
28
1206
2019
4292
1642
3466
1192
2472
1260
3701
218
2017
1944
4625
2065
1506
1158
1503
2667
4276
2047
2633
4790
1047
2146
1004
3153
1902
3327
4154
1185
4650
351
406
4347
1026
3971
4337
4796
4794
1324
533
3857
897
3211
2777
693
4551
291
3796
3853
2351
3316
37
4362
3761
4985
3730
2535
1051
3083
1807
1937
585
791
1618
4183
4067
3117
1389
4426
3102
611
1451
4983
3622
194
2039
1755
4594
4896
281
639
168
2421
4346
1884
3866
4697
834
391
2633
190
2840
184
3818
2130
1754
680
3614
601
3253
146
4862
2152
3319
3964
2814
4908
4555
1477
618
1212
430
2265
967
4532
4943
699
4523
1156
2588
258
3159
4465
3763
3511
947
1066
3381
3166
947
3541
2298
3043
4465
3195
2585
271
2716
2201
1207
2107
1303
4697
3834
2612
4068
416
1646
176
1355
3449
4920
3080
2989
1322
2593
1598
2198
3510
3653
72
659
4123
1860
2998
1000
1900
4121
1321
2037
1985
4913
1916
3954
4486
742
200
1568
4209
1845
170
4682
4880
1109
2208
260
707
3850
4076
3027
125
2608
2775
2885
129
4547
3146
482
1715
150
4169
3339
308
1794
3505
1106
1698
3218
956
1642
2344
1134
2098
680
737
4556
634
1955
931
253
4905
280
2489
4871
1755
1073
2177
1702
416
3087
4232
2481
4976
261
515
3939
1658
4991
4439
3982
448
243
4619
1071
632
4062
2220
3782
991
2834
3673
1564
1303
503
1929
722
4899
1448
946
3407
2223
3687
795
3578
2845
3684
1548
3241
486
1465
1724
338
1654
2169
3131
256
1467
4859
2513
4657
3319
3202
143
1277
1507
2703
685
24
271
1313
3251
3476
312
1851
4196
489
1521
1102
184
4799
2893
3849
1785
246
2188
4463
3344
3259
1860
3872
4017
3173
2833
4442
2684
1089
2016
3977
3517
3299
40
1284
3206
4998
4147
770
3676
918
4388
21
1031
2443
1736
2390
374
3481
2074
778
787
3382
1786
523
3346
980
1086
714
936
4736
884
2187
1097
649
2086
4753
522
4261
1983
1637
2689
4920
2237
1793
2066
4279
4199
1497
1387
1012
977
2548
2122
3203
2246
1703
3565
1540
2573
2258
2371
1921
1655
4360
1081
2299
3392
3961
511
4592
868
2034
1676
2137
500
2776
791
4377
1257
273
704
87
968
4516
3543
3496
3567
3457
4187
3438
4199
2627
3365
1086
1666
3909
341
1361
2815
1155
3013
4753
3339
3707
2526
631
4250
3180
3080
3314
3839
2518
3422
4146
992
1970
1840
4309
1566
3763
4474
3682
1971
3148
2054
2709
1509
1716
4430
1067
2690
4664
1772
542
1260
3632
3573
2515
967
989
3171
3169
2200
656
3851
3445
2937
1279
4407
4428
314
2524
2372
3328
2074
3462
2174
4935
1103
588
1418
1464
1154
1127
596
1496
4214
2407
2371
3860
3306
2497
4834
4224
4853
2880
520
1127
2794
1586
1466
1372
445
2108
2272
4088
3100
1520
3597
716
2553
2493
4754
3258
2591
4960
3358
887
2810
866
687
2020
260
2314
2436
1029
4102
469
2870
457
1732
2579
1075
1396
844
1275
3317
25
512
3586
723
3972
58
4096
3175
39
2184
1659
2296
723
1984
1232
4504
2233
4301
591
1481
2409
506
2703
2859
4819
558
562
4121
29
3657
714
3333
3093
2183
1468
1321
2359
1075
3988
4095
4984
1365
2265
4715
1747
4391
426
1256
3164
1468
793
4232
2620
2881
4719
1129
4949
4721
4080
2092
3767
2588
809
2127
4826
1160
2519
3221
36
1315
457
4148
4157
135
3361
752
1209
1479
2295
2590
2525
2977
4695
4091
190
4373
2420
302
1703
4845
524
1540
610
1828
1638
3187
2417
1828
170
2624
4900
2515
416
3645
437
3670
379
1677
2859
2953
4847
2138
916
2989
4617
2289
2383
3075
334
3916
1057
657
63
4617
4525
2130
2443
1985
4873
2050
3397
3027
3583
203
3776
417
666
4553
3760
2756
1418
2845
3555
4444
1825
2000
3423
122
734
1414
4918
794
1874
2061
1176
4075
986
2502
1623
3209
2396
1027
1721
1292
1989
930
4073
978
194
9
2255
923
877
138
817
3804
1091
2913
2290
2254
4980
2300
2323
2903
2603
1370
655
2730
4735
2439
2275
227
1464
3135
2973
4349
1454
4504
2308
519
3334
2438
696
3180
662
3145
2660
962
1908
1577
3473
646
3593
2973
629
4197
1812
536
836
1230
3717
3533
4957
1159
4750
4621
3297
4725
3121
4527
1407
3984
3446
575
1692
1589
539
665
3105
878
354
2943
2005
624
4853
626
2612
2843
3725
1150
136
3591
147
2329
3856
2805
1742
1910
4382
2780
4103
84
693
533
2313
1100
1162
1048
2406
291
2570
4960
2629
2140
1229
2581
2472
1779
2441
3457
2149
4445
4746
1126
2211
4699
617
1181
4816
1065
1227
4473
2480
4594
2483
3006
3537
334
1106
2588
733
639
1166
1065
4519
3400
33
2509
3897
3439
3979
2639
3246
4060
4170
745
2363
4770
1050
1519
1468
559
2144
3062
604
4191
2187
1227
3604
2005
1301
1769
424
1348
397
4567
231
1666
1153
2001
3618
4174
787
669
1598
1580
1225
2729
1261
2159
3426
3268
4313
735
453
170
4563
1571
3212
4236
1891
1712
2065
4751
3961
2546
4768
1755
788
3218
4566
4943
2089
274
2816
2580
838
4389
4270
1887
3831
810
4641
2322
3320
4882
1627
3021
1412
455
894
1985
2358
3000
337
3830
951
1458
2406
366
2335
50
4095
3593
1271
120
3018
4314
254
1118
4978
4161
1506
154
4592
1563
3577
4855
73
1135
3017
51
4194
1946
1853
748
2522
3062
1345
260
3367
2886
4440
2719
4108
269
3555
2051
2433
3800
2021
1736
1099
2793
3917
1183
4030
317
3060
3759
4584
2400
1136
3358
71
272
2343
2781
3878
407
3296
2687
2404
3253
719
3036
2286
3429
1679
961
102
950
2365
1386
2627
2158
2738
4842
3939
1594
2097
1034
4494
4769
2874
4936
4110
97
382
1562
740
585
924
3500
1732
1850
443
3607
1851
3288
1041
2770
4224
1589
1468
2084
3401
1159
607
1939
4464
921
3367
759
4686
4024
230
4299
4357
471
3176
4197
1684
4989
2620
2947
2191
3276
2470
520
V
4342
1198
3546
1655
2159
4059
795
3792
3342
4838
3901
3233
2676
4737
2439
4959
581
2086
14
285
254
728
286
2427
4671
4537
3282
3371
1550
1349
4078
1200
1836
3574
3138
3352
3732
2618
234
572
2377
530
2732
1045
343
1468
1
2529
917
2635
5000
2758
4241
582
3624
942
2132
750
1540
4300
576
4100
4364
3246
4727
202
1425
4084
2390
736
2025
3896
3746
1171
1484
3718
3393
3753
1325
4774
2741
3256
4469
2071
1844
31
757
766
3115
2981
1459
2359
3125
1009
312
1668
1718
929
2591
1100
4581
3871
2991
413
4001
3065
3276
85
4683
2912
107
4869
3645
3827
1437
2367
1593
4989
3839
866
2213
3948
2447
4660
1053
772
1257
1111
2058
667
1251
2671
3146
3926
1149
875
775
2044
4430
537
1764
17
1859
3935
2302
2062
2656
3816
1175
583
140
2083
4025
901
1576
4338
377
1301
4425
865
538
2696
3526
3630
2852
4789
795
1745
1707
76
1072
1491
1885
4820
4980
2196
159
1808
846
375
2439
1157
4821
433
4767
2223
2958
554
1272
1956
4390
2626
3030
3129
2040
1528
395
3491
4649
3055
518
4193
2531
2619
3149
4057
2991
2283
4744
1440
1302
1494
1928
270
394
1034
3432
3593
1136
4027
843
4081
3617
4962
3718
908
921
3246
2167
122
2783
2783
2007
1492
1871
4616
2196
3144
1764
4772
3593
4936
4218
413
882
3468
1722
1953
2323
1829
3231
430
1425
2700
4154
2152
1795
42
265
3384
3721
145
389
4078
3214
203
3659
4203
3754
2250
59
1576
3091
4639
1824
1396
4702
2206
1559
3124
4288
1042
4027
2531
1210
4821
936
2044
2532
675
3903
3101
3072
3776
10
1431
2795
3623
1737
1891
16
2453
1755
4783
2934
189
2856
1961
2946
4924
543
4660
488
944
348
3585
1390
1669
1789
3199
2281
2480
2708
1814
1861
448
4847
2272
2183
2345
3143
1449
637
2354
2550
3889
2824
1826
4252
1191
2640
2047
3363
776
2625
4079
4986
104
1782
378
1351
1049
171
3495
217
2730
4727
1039
4916
3673
3353
863
1422
2668
1129
1466
4330
260
4083
390
4987
1420
2736
2141
3667
3633
3486
823
4
162
1897
1142
2151
3433
873
2362
4771
2314
2166
646
3121
1811
2129
971
1622
3597
5
3515
800
3211
270
4553
2236
472
1345
1831
1383
2262
1396
2152
667
84
3711
1759
2373
2296
2907
15
3453
285
4906
813
3022
1342
1576
2291
2526
1612
2168
1983
784
3388
3794
3051
4680
3269
1275
885
2630
336
2461
4106
1512
4993
2825
2551
2017
3061
4802
760
4310
2924
68
2301
2226
3257
4141
49
1656
1808
4450
3492
3761
4383
4837
220
271
4680
1726
520
4810
1702
1632
3325
808
2726
2302
284
3970
2489
1165
3964
4125
2535
2771
2852
3998
3725
4512
68
266
841
3380
4956
1029
1662
2433
3228
161
1140
2667
2238
2049
4849
4405
2049
566
3222
2134
3176
1242
2515
2148
2363
3955
4677
3455
1659
1722
785
689
467
1117
857
181
1430
4538
3630
3390
4844
2005
102
4385
2921
1988
137
4053
2583
1529
1367
1473
4194
1959
4180
3984
988
824
398
1097
1595
3902
2654
4521
504
3473
21
1933
4954
825
34
58
666
2733
2281
168
1967
691
869
4927
2829
1480
4145
4704
4450
3834
2004
2911
3241
1028
611
528
283
1394
2188
2864
3962
2566
3600
4252
2319
2082
3559
3104
1359
239
2179
2465
2458
1573
2222
1923
757
868
1261
4299
344
235
1842
4020
353
4063
3412
1812
1794
2406
1882
3652
761
2899
1272
843
695
85
1536
1501
956
1156
324
651
1689
940
4011
1018
4933
4949
1211
3496
1420
4649
4190
172
852
3696
1224
3638
1650
801
4408
3135
885
2178
4813
642
305
4497
3163
2538
3552
852
2733
1566
3939
2446
1229
3195
4527
2179
746
1929
4206
150
258
313
4402
200
4728
2693
2354
2796
1543
2568
2150
2377
4256
1743
1749
104
2816
4048
1074
3966
4750
138
2170
4332
2971
1054
3769
3053
3179
1157
4982
2696
2587
3930
732
4279
2860
3753
90
1959
239
2055
2973
4209
657
4172
3148
3504
4512
2175
3820
1108
2206
2600
789
3262
4046
4436
2493
733
77
4668
404
3368
3900
1055
168
4213
1115
130
794
1978
4855
13
1832
4890
3327
2648
1300
2490
4675
837
1613
4388
1958
504
4492
483
2830
2028
3362
953
3497
647
184
598
1555
33
3103
946
477
3225
4082
2196
1624
2633
3344
2603
370
3283
4990
4438
1600
36
3180
4655
4653
3400
3351
133
3946
294
1872
2650
2591
4205
2178
706
320
4751
529
229
723
4669
3786
3775
4185
1652
3885
2038
916
190
1682
4075
3760
851
4547
4261
1428
2234
4422
3162
2819
4547
1351
1264
1462
1847
3459
4595
2372
2946
3503
3247
421
255
2954
761
3587
420
3736
1617
114
3336
3593
4019
4266
4371
2337
1526
2747
2645
4513
4483
2816
106
727
3202
774
307
3081
1594
3991
4592
4215
3224
858
2701
3850
2323
3286
1763
2703
1269
1375
153
3849
4236
3639
2763
3238
1273
1793
2201
1344
2520
2482
3371
3992
4146
4985
2715
2086
80
4400
1283
4387
2120
2651
2194
186
517
3609
2889
4500
2426
1897
2770
332
4815
1503
971
4538
2599
1078
399
1852
1889
4464
4054
3506
742
1268
4663
4656
4082
4696
4619
1873
95
4671
2539
2122
1446
4524
3244
2366
4719
2136
1938
4600
1500
3193
555
4125
32
3067
1430
2723
4557
3819
1876
1693
3911
3362
3133
4729
523
1150
2278
1827
4349
1279
2778
2339
176
3945
1126
140
4822
1341
3641
2967
4082
3149
2548
4952
2908
4552
3111
1558
2078
3010
404
1577
541
1024
2575
455
370
1907
2486
5000
3049
3931
574
1659
817
3885
374
32
2605
4784
792
423
3011
988
2365
569
995
580
4024
710
1658
4142
4286
3478
4024
2273
3829
1436
3550
2518
4010
2744
868
1266
1591
2892
370
1539
2605
3777
2213
992
2694
3410
1621
3198
2663
129
1101
2760
843
3441
90
4495
2643
1621
1487
1147
2965
1487
1272
944
4467
1475
3446
1789
2350
828
955
1505
3282
4247
3758
2286
1115
351
2833
3674
4944
2313
3233
4884
3240
2769
2590
2684
1210
1988
3796
3246
1913
3640
936
4249
1480
3208
1231
3955
4602
3941
2044
4719
3413
4378
1624
1473
1984
3886
4687
3721
1258
4703
4440
607
2277
925
653
3038
4036
1700
3317
1891
3368
4607
1222
2976
1521
2793
4566
548
4259
2685
1532
2830
1783
2706
1163
690
924
871
343
4283
4197
2181
4970
4073
3716
1052
4737
1756
175
3478
1155
4730
883
852
4770
1238
3302
677
3605
2074
4162
1198
3596
2126
486
63
4230
2561
2719
4074
3080
3710
4663
225
1575
2683
2476
3816
4344
2447
2533
4569
2685
4362
473
287
3267
1090
2152
4605
2234
595
4077
599
3605
3534
469
1185
1418
2965
4617
1015
4067
4997
1874
2149
2511
397
942
792
1867
590
4021
3356
949
3252
82
2272
1826
4229
1174
3455
310
1431
1239
3992
3740
4854
449
2568
2055
4878
2491
1198
4057
774
590
1863
2537
4430
2889
540
2586
1842
4168
521
1561
1048
4582
383
4607
1990
1785
3404
1961
1463
3733
393
1844
4064
1924
4612
4741
693
2444
2271
3920
3850
1113
577
1846
2487
4557
3604
1365
1499
2509
2879
3339
1724
3006
2412
4194
3118
944
1228
4515
291
417
802
340
1545
237
13
1275
434
4741
4402
184
1136
4829
634
438
2135
3578
3672
3723
2264
4660
4541
4369
283
1849
367
3291
3228
4459
2072
107
1306
1002
435
1771
4556
3508
4300
2731
4076
3804
1440
1195
2489
3665
1674
2049
359
2281
2488
4765
3714
4014
2453
3171
4979
1767
2705
1417
3650
378
2838
3538
4460
433
956
2106
527
938
1367
3915
3156
4291
1447
3183
4636
94
3937
847
1239
457
4404
4715
600
42
1926
3075
2325
345
4864
3750
4277
598
4335
1648
2427
44
3245
3593
3762
2270
176
1140
4697
4482
4472
269
1714
2667
1031
807
2110
4291
4060
1685
4547
2760
1104
607
392
2094
3197
584
2951
2558
2436
13
1668
870
166
1904
974
2792
2517
1150
4516
119
4244
3389
2498
2712
1092
1875
3564
4126
2008
3371
122
2728
2659
4337
3276
1222
1577
1800
4920
4242
3612
713
210
3636
3264
2831
3515
3337
784
1033
4989
3340
3706
4671
941
4869
3392
2729
4986
538
1321
3125
998
4355
3704
495
563
3866
2555
701
2303
4715
1630
1795
1027
464
529
1749
680
1352
200
4
3443
4281
17
291
99
4859
1731
3554
4552
3263
445
1650
486
2056
2573
2890
2859
2553
130
4641
1861
3047
3628
45
1423
937
2474
4155
334
3757
1052
392
1535
3932
2323
2080
3203
1177
1581
3270
389
3430
886
2003
2611
1328
4275
761
100
43
3056
4394
1066
4929
4573
4285
4727
3799
524
1202
1588
4089
1998
1653
4176
751
679
1456
894
631
2407
4532
490
166
4522
128
4965
441
1114
390
2711
489
3764
321
3189
3822
2265
1004
4755
4723
317
855
1587
1426
4525
819
2303
121
2660
489
683
3342
2575
1501
567
1223
755
1553
851
1517
3227
3487
1603
2738
3902
2902
2750
968
103
4266
1882
1844
1711
4509
1490
4859
185
3122
107
1587
3988
1372
2491
4973
519
2074
2354
1282
2663
2997
3214
4452
4116
3805
4786
334
1565
505
2838
1454
3785
1334
1973
1922
1545
371
3258
89
1130
298
3341
4924
2902
344
877
1732
2501
649
3614
254
312
4694
1333
2452
1815
1600
217
3213
1835
3850
2253
913
142
3210
2451
4181
2570
4536
4563
3366
112
2818
1012
764
1322
2607
3346
1444
4851
2594
3665
4443
2445
834
737
1503
1026
2560
2954
1008
4007
1544
1130
2752
1071
2396
1229
2542
60
3221
2716
945
2179
2659
385
2739
384
4639
3738
3636
31
4783
2316
2081
2022
2426
2753
4205
447
4413
3005
3046
3826
1245
2550
1995
3530
133
10
2317
2430
2762
4134
2931
747
533
284
874
440
1881
3836
4988
571
590
2630
561
4522
598
2190
3164
445
3622
4706
2816
714
2335
2000
3138
616
4165
2059
3512
3384
1847
944
2738
4832
3656
2252
4352
3291
1053
2296
4421
4062
4361
4768
274
3035
2134
192
4302
379
388
2880
3501
1616
2710
4073
62
4953
971
2824
3065
2538
2051
1611
3792
2979
2444
2162
4822
2719
2299
184
1934
3696
4710
1073
2469
3704
2865
846
1850
4051
3647
1143
2445
2156
1460
769
3886
302
769
4848
2607
3188
4536
310
3365
2634
4352
4141
3626
1725
347
3201
839
1032
1222
3218
3625
3585
4816
2345
3353
2020
1071
1368
3920
2175
4488
2031
2346
2717
3045
1700
163
1686
1116
322
1503
3542
2805
574
734
1453
2812
2230
2225
2160
4984
1666
3846
3951
1827
3592
1898
3214
2372
1987
4663
191
585
1907
419
1623
2720
4667
1219
1992
960
4567
2104
3280
499
4868
1346
1104
2431
21
1026
1535
822
1834
1236
288
3394
4828
3349
1625
2693
1919
2801
2245
1432
4087
4696
1509
1754
1598
3193
1122
2820
3908
4072
23
562
1992
2053
252
1524
3966
4957
1981
62
3466
2524
2301
829
4236
2954
4613
3683
3877
1158
290
3293
200
1777
2462
843
4132
2661
3701
1639
1081
4621
2546
930
169
4142
3763
835
1634
2271
3083
1
4561
1365
1142
1100
1337
2666
1834
4030
3828
2255
1029
320
985
2111
169
4418
4398
3126
2407
1411
3464
2049
4691
4970
345
3600
4644
156
2465
4538
559
2207
1912
4415
4948
1294
4130
1588
4081
86
3765
2235
2077
4016
119
3385
4848
649
548
556
833
1782
838
2428
897
860
3325
2800
654
2702
3842
4405
730
4216
566
3651
533
3084
4720
3297
4440
779
2239
242
804
1007
2621
2671
2850
4206
4525
79
1788
1985
2630
140
2899
4974
2639
3816
1003
4042
4486
64
2212
67
3828
4584
3931
1566
2083
2983
3832
3236
3291
1813
3257
803
1449
1514
1127
3498
2065
3216
2294
1908
3438
3419
1339
2425
71
1184
1346
4329
1060
2484
4222
2538
1561
1350
924
884
906
848
4314
2787
1985
4410
235
2501
1971
840
1158
669
3857
4486
3593
1023
4734
2736
1384
4828
4500
3062
2091
2136
2101
1480
1574
907
1886
2246
3210
837
4982
940
4700
102
4408
196
1220
3085
1428
4356
561
2134
453
4801
604
1689
399
1876
1570
305
1991
2844
4558
2858
1320
1876
4150
3191
3947
799
4468
1347
510
81
480
2982
3208
2720
2139
2426
1700
771
2015
2511
2356
4233
766
3619
1721
1238
3265
710
704
2545
2051
2542
4302
2345
2428
1142
2911
4697
4825
4684
1099
641
1132
4571
3755
3536
904
4446
2610
415
1033
2918
1631
319
2433
4414
4091
3462
133
1636
1518
1646
4322
1819
1806
4334
4722
247
4971
789
1395
1009
2228
3836
578
676
206
51
4643
4255
319
1391
3725
980
1366
4755
3172
4023
845
2268
2510
2411
1873
1553
875
1978
3698
371
4942
268
2342
618
4969
66
2322
3656
1728
1915
3284
2138
1933
1550
1163
2883
4036
3593
136
3931
2535
2521
2729
4689
4725
1635
234
604
2126
1123
2783
761
2066
1931
3265
424
3323
4487
3909
4639
3632
1566
1427
4363
564
3379
4420
1852
3742
316
3077
1169
1522
99
4588
532
2240
3340
553
1831
475
782
3743
4119
2901
4701
4235
607
681
4791
1924
2400
3169
486
4635
456
2545
2445
709
801
220
519
1350
3948
2581
4300
1449
685
1120
4133
3341
1889
4771
4298
1434
141
2623
4546
541
728
3251
1083
4248
3100
51
2731
3397
3305
1332
3806
3052
1083
3140
1768
4371
1677
144
557
2974
2117
1958
3287
2367
434
844
673
4815
1299
1472
3938
1262
2810
921
3587
2328
3442
4054
3324
2529
492
4598
2100
1882
1824
3311
3672
2579
3994
91
1654
1235
1267
4248
2114
2423
746
975
3489
3023
3378
2520
4084
967
806
2795
2647
3325
3442
1090
2099
1798
2067
1461
392
574
466
1606
1807
2439
1397
2519
3263
2945
1727
2016
2894
4324
3570
1125
4219
370
473
1671
2162
3016
2826
2730
1495
4038
4196
3831
1550
301
1702
795
3562
3304
4993
3960
4949
4207
4614
3970
640
4456
1562
2652
4411
2678
1577
2540
2223
2503
2225
3197
1850
4024
3913
2724
715
372
1809
1621
3982
3157
3299
150
2146
498
4467
2444
4449
1393
3532
205
4696
2295
451
4150
1952
2582
1599
1846
3676
246
1585
1434
1101
4400
1568
2298
1010
3942
1232
1100
4899
975
4388
760
1263
1146
730
3660
4325
768
4967
3969
928
2095
850
1797
4543
2924
2397
418
412
2369
2049
782
3834
575
4689
1885
2669
469
2426
1205
1845
922
4961
1912
3923
4952
1701
343
631
3426
431
4452
2721
199
3528
1481
4406
1383
2426
1615
1613
1205
3193
4010
4939
6
1867
1667
2172
3081
1965
2542
27
2887
1936
2734
3252
725
3077
293
3160
952
597
4528
808
4288
2028
1921
806
1128
4838
4711
1584
4804
138
4484
1342
636
3622
3278
2279
81
1435
4712
2230
3854
1931
409
4731
2449
1633
4142
2671
417
3064
1819
3816
4985
1510
2975
1742
1886
1409
961
4749
3086
779
102
3172
2506
2402
4797
4173
1110
732
3988
1671
3526
185
803
1728
3747
4689
353
4198
990
2896
399
4952
2019
4374
1258
1720
3874
1916
3069
2884
611
1860
2126
2597
2840
2584
3519
4160
1519
3062
1168
3604
3167
4939
1227
2194
2883
2877
761
3739
4558
3781
3555
3079
3062
1869
4522
674
1099
4758
1259
3420
4346
2902
190
2217
957
3240
3726
3126
3533
2179
422
3717
1763
288
3209
4739
531
4606
4491
3800
4570
2408
3254
4414
2657
786
584
3349
3594
800
3363
607
3667
1736
1220
1672
1665
2600
609
4848
4015
2915
3213
2508
2623
3328
2493
321
2000
4899
1272
3387
2193
3553
1218
2525
4989
694
90
2689
2415
2297
269
4347
359
1738
2746
1569
798
826
4648
3222
2238
644
4908
3671
4550
2547
4040
2253
13
1021
1432
2477
692
526
2846
1100
4417
2775
2057
3678
1873
1737
1009
1897
310
133
2359
1789
745
5
3931
1728
2650
3520
4869
175
2902
3362
4256
3967
1928
1314
363
4781
3819
4729
3290
1714
4942
3224
2797
1732
2841
232
2136
633
4583
1383
3251
2645
3853
2458
4602
2269
1034
774
1895
420
3527
884
1534
1783
2513
2437
1826
1053
813
25
846
3297
203
3774
4759
4306
1678
1359
1112
282
1651
1571
1981
4254
2328
1360
3717
798
1119
2719
3778
382
1066
2153
714
4372
1177
1587
1875
243
242
510
4098
2663
1249
2243
2149
2593
3537
621
4618
1230
4625
1782
4639
2707
562
2351
2548
4459
4040
1906
4982
1469
3415
602
317
3295
1968
2046
2168
40
1164
601
4775
3445
1000
2526
3081
3218
1825
450
4087
675
1258
4186
1216
59
2276
231
1583
2212
38
271
3963
1592
29
2662
3613
4697
1877
2101
4959
172
4192
3249
2123
2699
2551
759
729
3146
3743
2439
1861
1474
4478
1494
696
405
2214
33
526
905
2296
4222
849
169
3085
621
3092
4839
4233
1120
338
3567
433
2263
3535
4832
3638
4695
1103
2012
2515
643
2270
3835
3548
4731
1504
1042
607
412
3298
4738
3103
4016
3064
3118
1318
2000
2152
644
2539
1783
3455
1888
2013
3913
3923
3838
2175
2092
809
3719
1852
3278
1624
853
1212
3231
1590
3002
2016
2488
4729
3030
4922
988
864
2328
4489
3478
1715
847
476
83
2832
3840
2620
4170
4648
4363
2407
4561
3753
906
2562
2721
4381
2442
1551
1340
1739
2125
952
1006
4941
2990
2626
1483
105
654
3381
1431
3612
2607
3059
4788
2052
1328
1431
2623
748
3408
4297
3715
2206
4950
407
3811
2516
1936
1589
2786
3335
1914
4024
1477
4964
4178
727
2923
1708
3530
4267
3628
4426
4901
3249
2976
2531
2758
1414
4097
2017
3093
1906
2252
1808
3731
2704
548
4453
2256
4685
3536
595
147
2791
3037
48
3506
608
3279
4959
1282
2747
300
4423
4593
1414
2809
4053
3042
3792
2577
1925
658
1709
3947
4959
1633
2264
1628
2832
1442
2680
638
1101
1638
910
1751
4655
3541
1598
3828
1980
4047
2140
839
3082
899
4793
222
3698
294
814
1207
930
694
352
4817
195
1239
3989
2676
3972
422
981
1684
1967
1100
4757
610
2467
3669
4360
1396
2185
2929
95
4333
1867
1459
267
4464
1914
2432
1287
3361
3167
3450
4123
261
3884
2174
4967
707
3947
2475
709
347
3671
821
2267
70
1379
3928
3039
3885
3360
2768
1979
4031
922
192
4891
3094
1445
2810
4508
1041
2524
3223
648
151
226
2263
4383
2970
4741
1002
4856
306
4527
1288
1864
1980
2967
4479
346
4210
3887
4907
4721
644
4607
4443
362
1984
3939
1818
796
3710
3800
498
3796
3743
1253
1368
4141
3104
856
1756
1053
1857
3446
2263
2998
651
790
66
4706
4128
4448
4428
3504
1277
4266
1676
247
4782
2804
816
4264
2761
4317
2582
3778
2534
1829
4785
2704
4445
477
3375
2109
2536
4403
3936
4442
1787
394
3321
1415
945
1858
2913
2305
497
2692
1707
3827
1217
2584
2134
4512
977
2306
4666
3207
4099
2419
2620
1792
25
468
1851
4935
1496
1976
4076
2695
788
466
4763
2640
2509
2461
683
587
1496
4123
3936
3949
1560
120
139
467
1374
751
2061
4342
2094
3549
407
1919
4269
213
1066
1620
128
3572
3115
3043
2751
2750
1729
1262
4978
3737
4026
1607
466
4784
3954
1406
1627
1154
166
1546
1128
781
2432
2381
184
1348
724
4082
4064
545
2250
4427
1441
1663
1292
4030
4699
1599
4979
3728
2826
461
1270
181
2224
2348
1403
2166
1083
424
4056
3188
3808
3810
1331
1092
3112
2545
4345
3076
2690
3206
1757
4725
1218
4857
2049
761
2281
1651
2089
4967
1068
779
1174
3844
4049
933
1577
764
4599
4336
4617
1858
981
2167
1662
492
3934
3930
4086
251
892
4694
3289
1289
787
4058
2560
3828
1911
1227
1291
1242
265
667
75
1693
149
4413
4893
217
159
3828
1160
43
2840
164
1449
1397
1251
2897
3197
4679
4109
3487
3438
304
324
3002
2042
4846
3631
95
401
3994
2055
3395
4205
543
1125
2570
3582
2644
1828
3202
4503
4024
2039
3562
3835
3102
4206
1901
4733
1457
3637
1211
3918
2594
4478
3793
2911
1991
4409
2776
2890
2070
1392
1140
1836
4307
40
2174
1070
2574
1445
1828
4196
3337
396
103
4317
4008
3023
1765
4949
9
3773
2009
3791
4158
48
832
4087
1697
907
2468
1815
1191
468
606
512
2384
4654
1440
4827
1943
1930
2441
3528
3541
3887
3444
4048
2154
3471
611
1606
4710
2972
1472
2243
2333
3843
2421
3226
882
1719
1589
352
2253
858
1866
976
2431
1352
1103
751
1789
1748
73
2291
1220
3718
1994
3761
757
4093
2694
1200
2033
3850
3874
1344
2934
445
857
4487
3026
2365
4001
2333
3023
4146
54
2710
896
1748
4509
4320
1635
2137
3124
1245
3983
2491
3376
1547
440
49
4566
3963
1169
3720
470
4983
3114
3288
2341
767
2634
291
3322
637
3678
2996
907
4464
250
1621
3057
1134
4567
956
58
422
462
2502
1661
3917
3164
3739
3379
4398
2335
4589
4500
471
200
4116
367
1466
233
4875
4079
4338
1801
2849
2994
959
1758
3672
4059
4683
1618
1066
2707
821
313
205
4603
4198
2137
3644
4117
2979
2307
2625
116
2474
1161
4679
2337
4720
4609
189
2783
4322
4617
224
2713
1187
2171
4767
4043
269
3459
877
4663
4947
1982
1754
4705
839
3598
4323
4596
3912
1116
388
1222
238
2605
579
4641
1865
567
1695
2932
4366
1757
2185
2066
107
4266
2001
985
4390
403
412
3958
1808
4408
228
3687
2944
36
3113
3232
678
2050
1207
402
1436
3547
2960
2577
1812
1709
91
1165
598
4726
4108
884
1416
2378
1095
381
356
169
1935
384
3612
317
3404
1949
4201
3042
661
1274
2724
2190
2033
2224
2788
3179
740
1504
1138
4891
2464
2178
4802
204
1914
1831
315
4100
2999
3104
1599
118
3791
4869
2375
693
449
4107
1185
3849
927
568
3236
2408
3978
472
2206
2031
3921
1846
3459
760
599
1043
2809
2278
2067
2634
3506
279
2291
312
4441
18
403
2870
544
849
227
1761
58
3864
647
2491
4669
3527
3387
2611
1650
1340
814
163
3359
3221
438
4816
3876
1373
4877
4391
1430
556
1011
4078
4785
4276
3436
977
4841
1049
3530
191
2634
1368
2638
2324
446
4004
2995
3087
3735
1453
276
2542
1926
2202
4856
305
2379
1392
3434
3261
2726
2827
3126
691
4190
4708
3936
848
720
884
3615
4429
314
2049
3027
2641
2728
1710
2467
566
3966
2888
4474
3977
1751
3654
1954
230
4510
344
3601
3772
3612
3779
1764
1189
1569
3
2961
1969
2374
2667
2361
419
2386
4002
3486
1620
2947
1614
1697
2390
1895
805
1120
1220
3628
89
3462
4296
2653
3644
91
2748
2966
1125
285
2526
954
1793
2111
2198
498
806
4113
3857
3257
2731
1232
3035
3502
4172
1439
657
3266
2237
3470
4925
387
3973
803
3653
472
3581
926
381
1709
3600
138
868
3729
813
1832
1685
2294
4659
141
1888
4689
78
4560
2960
531
3631
2677
1141
639
4392
861
277
3061
2095
2329
1438
54
386
4140
1928
1729
3197
1305
4369
1397
2976
4814
1184
392
149
3647
334
3560
4128
1774
3602
2208
2496
553
3836
4461
4653
3172
3596
4721
2274
1089
4468
1376
1164
1613
475
3650
2931
4629
396
584
3834
3128
2046
1
1986
1991
4773
4639
3772
2794
1697
4374
2062
4909
717
301
1740
828
3498
3873
579
4290
3773
694
2659
3000
2479
2367
4611
643
4996
3568
3578
3855
3455
3993
2603
2227
4995
46
1375
2549
2884
445
1882
1976
4671
3848
2319
3099
1968
1595
3573
1068
139
992
1790
1269
4461
1513
3301
1813
3435
1678
2576
4618
1891
48
991
3341
1706
1485
644
4815
4565
1501
299
2683
3876
371
4924
1499
1052
3865
2678
3024
261
3765
118
468
771
2920
2856
298
728
4666
301
1889
4970
1814
4399
1245
360
1851
457
606
811
3429
3914
421
1883
3033
3267
1388
632
1465
1502
381
586
1703
1074
4654
3595
3228
389
2955
2803
1867
4169
2148
372
1138
1634
4313
2863
321
2102
2556
4686
3087
3118
2742
4764
649
2933
3668
3954
1147
214
3595
708
2076
3267
1730
3483
4509
1803
2495
2572
507
699
2956
4145
2445
4225
1779
3102
32
3741
3304
926
529
1560
3590
2271
3850
1913
4789
1564
3401
542
4515
506
45
2712
2376
3285
3107
1259
2398
4395
160
2124
2416
4097
2823
259
874
877
397
3707
2106
3796
3388
1144
2142
1140
3389
2840
2278
2373
753
1397
4683
772
2586
4530
585
1448
1869
3940
2000
4616
523
4243
4713
4708
3632
3849
2455
2972
1491
2210
459
926
4728
869
3965
4556
2906
1290
4208
356
3397
4324
342
2050
635
1785
1427
4787
4612
3823
870
3259
1412
801
1805
4986
504
2363
2609
923
4041
2402
938
13
1348
1920
2092
2149
1161
1406
1426
91
1331
282
1889
796
3639
4412
4985
4648
1656
372
503
101
2762
718
3966
4540
4502
1424
3816
4410
54
1003
4432
1586
2090
4808
945
536
4265
813
3628
3985
2756
96
3886
450
2239
4756
2416
742
2057
4610
1020
828
1863
4249
4780
1344
3732
3752
3252
97
499
980
139
2307
3992
3302
2414
2782
3452
3470
3287
2278
143
4542
3356
1436
1659
4800
962
3381
1375
3585
539
3114
1657
4594
3374
672
32
4253
2254
4400
2624
1101
37
601
3367
2193
2547
1165
2304
1282
3953
810
1934
3723
1483
90
2243
1705
2870
2941
1137
2066
806
1613
4673
1827
4956
626
1211
2157
2389
4647
4869
3615
4414
3797
4727
66
2086
2182
2830
257
4189
2717
839
999
1916
2500
2223
1734
1469
2630
2144
1917
1029
4662
791
3425
4742
448
4348
2720
1082
2383
2490
2106
2404
3750
2391
992
3169
1546
3318
4346
4168
2271
539
2987
1926
1203
2183
4096
629
1256
3397
2721
2342
4814
547
4279
4028
3904
4725
1687
987
3366
1398
869
2617
1219
3345
605
3164
880
1016
4373
1844
3808
1218
2327
4018
181
58
4870
2537
459
3701
623
2275
3836
1829
3915
2959
900
2428
3593
3922
341
2090
537
3044
1494
2147
22
829
2095
2219
803
2944
4497
4028
3218
2086
404
1673
4777
2686
4712
67
2255
1355
4943
2644
1501
1151
867
210
4535
1399
2501
183
1917
1686
2694
3254
1925
4622
249
1112
4276
2044
2104
1624
3117
4724
4286
204
4713
2118
4085
470
808
967
1105
585
1382
2066
4373
631
561
4088
2716
1946
994
2622
1843
1466
2250
2159
149
4767
71
1497
1694
3704
4968
4684
3461
1715
2445
2416
3715
4925
4962
2726
1201
1668
4773
250
4818
2219
4814
2359
1380
470
87
476
2725
4247
188
3518
283
2072
341
2502
2236
2626
3274
4948
1007
2389
918
1244
4339
2185
4958
4640
1095
4261
2532
254
666
2238
391
2972
2028
4498
4461
3185
2492
1100
1492
2941
3891
3107
2414
3499
2224
2791
3563
2126
4222
2996
4947
4579
1755
4202
1524
4414
3099
3547
688
479
3213
3919
2483
685
715
2357
4020
1459
1128
4731
2402
3827
2893
4767
1025
4545
756
103
4620
289
2385
4422
1757
636
669
2200
1411
2214
1509
3136
4916
1563
4355
303
1235
1116
4411
264
1075
2093
1985
4882
2949
2041
3425
1302
2782
703
294
897
4021
4902
3456
980
979
2015
2008
1674
700
4067
2069
3986
525
765
1588
2630
1119
112
2603
2323
2043
188
2943
4498
4189
373
839
2614
3934
349
2832
3551
2597
1660
4610
1030
4118
1325
3907
1322
3190
1226
4739
4410
2470
882
240
3108
2630
4914
155
1686
4051
1394
250
795
3203
3009
1935
3728
3673
708
1497
2943
4973
2651
9
820
622
4484
728
3574
3706
4645
3159
3376
3645
2492
2935
3753
3984
225
4987
464
3332
1902
754
1956
327
1597
2729
4252
3062
4011
4481
2154
4028
1892
2492
2253
1810
727
1270
135
864
1131
722
1668
1050
18
666
2012
2726
4909
3163
2051
3525
1216
3600
2671
2456
4712
1222
1681
38
3570
2808
3536
3667
3093
1883
4050
3107
2595
3325
1445
2071
3260
34
2957
4094
2892
23
4606
1888
4758
499
1029
3447
4921
1298
4130
1975
90
1860
865
480
473
870
409
3818
4664
2223
2819
1184
3178
821
1679
2455
4465
1848
3804
1825
1627
2664
1992
3293
2493
955
1031
3250
1376
1426
3494
2292
163
2772
4538
2141
1889
355
364
968
3637
3462
2520
3514
1107
3286
3751
3705
641
4973
354
3466
46
307
1127
2558
3297
1547
1881
3797
