T 3000
C 500
I 100
P
42
468
335
2501
1170
725
2479
2359
2963
465
2706
1146
2282
1828
962
492
2996
2943
1828
2437
2392
2605
903
154
293
383
2422
717
1719
1896
2448
727
2772
2539
1870
1913
1668
2300
2036
895
1704
2812
1323
334
2674
1665
142
1712
1254
869
1548
645
2663
2758
2038
860
2724
742
530
779
317
36
1191
1843
289
107
41
2943
1265
1649
447
2806
891
730
371
351
7
1102
394
549
1630
624
85
1955
757
2841
1967
1377
1932
2309
1945
2440
627
2324
2538
539
1119
2083
1930
1542
1834
1116
1640
2659
1705
931
1978
2307
1674
1387
2022
1746
2925
1073
271
2830
2778
574
2098
1513
2987
1291
162
637
1356
768
2656
575
1032
53
351
1151
1942
725
1967
431
1108
192
8
2338
458
288
754
1384
2946
2910
2210
759
222
589
423
947
507
1031
1414
2169
901
2592
763
1656
2411
360
625
2538
549
484
596
1042
603
351
1292
837
375
2021
1597
22
349
2200
1669
485
2282
1735
54
2000
2419
939
901
789
128
468
729
2894
649
1484
2808
2422
2311
618
1814
515
2310
1617
936
2452
2601
2250
1520
1557
1799
304
225
2009
2845
2610
2990
2703
196
2486
94
2344
524
1588
2315
504
1449
1201
1459
619
2581
1797
2799
282
1590
2799
1010
158
2473
2623
539
293
39
180
191
2658
1959
192
1816
1889
1157
2512
1203
2635
273
2056
2329
1647
2363
1887
876
1434
2870
2143
2845
1417
882
1999
1323
652
1022
2700
558
1477
893
390
2076
1713
2601
2511
4
2870
2862
2689
1402
790
256
1424
2003
1586
183
1286
89
1427
1618
2758
833
933
1170
2155
1722
2190
1977
1330
2369
1693
426
1556
435
1550
1442
513
146
61
719
754
1140
424
1280
1997
1688
530
1550
2438
1867
950
194
2196
298
2417
1287
1106
489
1283
456
1735
115
2702
1317
2672
2787
264
1314
356
1186
2054
913
1809
1833
2946
1314
757
1322
1559
2647
983
482
1145
2197
2223
1130
2162
2536
2451
2174
1467
45
660
2293
2440
2254
2025
2155
2511
1746
2650
1187
2314
1475
1023
2169
2019
788
906
2959
1392
1203
626
2478
1415
315
1825
2335
1875
373
2160
2834
1071
1488
1298
1519
2178
2774
2271
1764
2669
2193
1986
103
2481
2214
1628
1803
1100
528
2626
1544
1925
2024
2973
1062
2182
1004
433
2506
594
1726
1032
2493
143
2223
1287
1065
1901
1188
2361
1414
975
2271
2171
236
834
1712
1761
897
1668
1286
551
141
1695
2696
625
1020
2126
2577
695
1659
2303
2372
1467
1679
1594
2852
1485
1019
1465
120
2153
2801
88
1061
1927
11
1758
2171
2316
577
228
44
1759
1165
2110
1883
2087
2566
488
2578
2475
2626
1628
2630
1929
1424
1521
903
2963
124
597
738
1262
1196
2526
1265
2261
203
2117
2031
2327
2012
772
412
1548
154
521
2791
2925
189
764
1941
2852
663
1830
901
2714
959
2579
2366
1008
2478
1201
2059
440
2304
761
1358
2325
478
2109
114
2888
1802
1851
2461
1429
994
385
1406
541
1112
1705
836
2357
73
2351
824
2486
2557
2217
1627
358
2527
1358
2338
2272
2870
2362
897
1023
2618
1113
718
697
2586
42
424
130
230
1566
560
2933
1297
2856
54
1963
585
2735
655
1973
458
2370
1533
2964
2608
2484
912
2636
1068
1849
1676
939
2224
1143
2755
512
1742
2176
460
2826
222
2871
1627
1935
206
1784
2851
2399
1280
1702
194
735
1638
2535
2557
1994
1177
1706
963
1549
882
301
2414
1642
1856
856
1143
2463
612
878
2425
2679
1753
444
1297
674
1041
314
876
2073
819
611
1018
2933
1113
696
1170
2832
2041
2489
1686
1091
1498
2590
1991
146
1354
1315
652
2741
1045
2259
336
2760
2193
1606
1265
182
1504
830
2776
2609
2293
2998
2550
2557
1562
1628
468
2542
2130
1241
814
2175
2602
78
2216
2684
2214
2993
1825
2602
2393
760
2671
2429
1028
1085
1076
787
499
971
288
2848
2605
504
222
1664
2707
2364
11
1172
490
241
165
1543
1620
2914
1592
705
1819
233
751
1206
1976
1540
304
2423
99
2248
1585
1649
2972
2865
1914
2076
546
1713
2547
679
1770
263
2520
1986
1290
945
2866
541
2246
1509
1319
871
602
1324
133
473
153
1088
1571
2764
2902
2104
2424
528
2601
2970
2016
2566
29
544
1348
2089
2944
638
1410
2464
2050
1682
1589
2343
609
2061
222
1759
2955
2889
2147
691
1950
844
431
1621
749
68
1537
2784
36
2227
186
1039
854
1630
2225
749
1924
360
2258
767
1945
2956
2319
2727
1412
26
2356
1002
1550
497
585
516
2965
2343
2076
2914
1143
1197
949
1073
2427
2607
2174
430
2405
706
2627
2813
1376
94
1566
1037
2737
2142
815
2995
2257
653
2937
839
2483
1356
16
1132
231
2842
2626
2012
2638
1187
1691
1651
2663
635
1894
1354
417
1453
2009
1263
1234
2455
1304
1635
2304
2257
149
2125
318
1214
110
29
2201
81
319
1859
51
156
1362
265
2904
677
2644
2910
2903
562
1490
949
1283
1654
675
2221
2403
924
832
1370
879
2260
1009
1620
2972
4
946
782
2505
393
2686
1314
699
2590
723
2939
1038
411
1462
235
509
962
960
494
1516
1270
938
1870
59
2701
1972
2265
118
1216
556
1816
331
40
213
2289
1083
1955
1086
2711
485
775
2381
2816
1952
542
116
1680
2111
1899
2074
789
2978
133
2957
1690
2114
1009
942
791
1724
364
29
1185
779
1201
2072
1886
975
1072
2334
1868
2154
2296
2169
2826
677
630
1651
2599
310
1694
1687
81
1117
250
2668
1529
2680
1865
2422
2406
2827
817
1517
727
1667
2088
682
1965
1341
2687
22
2663
2722
65
2310
2416
2903
2874
2125
2942
2746
1763
1424
532
1807
269
319
2603
1908
308
2482
1013
137
2631
115
2810
1085
2557
291
294
2997
2153
1055
1346
2709
249
1492
1713
2132
115
1440
1959
723
2705
996
1053
1270
1480
239
2424
919
1867
2660
2499
1487
197
1463
2634
159
23
1147
393
1038
926
1648
2459
603
808
1099
831
2293
2601
1279
2800
353
2449
1883
541
1316
1576
2763
568
1337
398
1419
1898
1829
1852
2817
231
1450
1926
659
230
521
1941
2561
148
1163
1656
2676
793
1362
1755
1399
2147
2715
2947
189
1570
2639
664
76
516
2522
476
616
2529
1235
571
906
465
1558
1963
2162
525
550
2470
331
1924
1351
2334
1926
1911
1738
1337
338
1279
394
1637
715
1165
1592
1950
1136
2506
1338
1005
1338
2624
1665
971
1609
569
1282
1086
153
374
1653
2195
877
2827
1397
1573
250
2641
2175
820
944
2612
1942
2290
2420
2566
806
1586
1217
1451
1616
2610
2065
167
1894
1075
1510
301
1696
574
590
1162
1173
2969
359
2032
2269
1427
1511
1423
775
2780
911
2553
1183
1392
496
2765
875
1365
2903
1256
1461
475
973
2822
2123
1548
578
790
1606
196
595
1951
1344
755
2482
1013
2673
2440
1429
2913
763
2968
409
1416
1909
2224
2760
2435
2205
2487
1320
959
2946
2807
2167
701
2368
2693
788
1533
557
975
448
2022
284
2223
2332
2377
1584
2949
724
2983
1019
2777
221
1112
2183
2857
1491
2926
1325
487
1678
970
2644
1535
678
1669
1069
992
2197
1784
1829
1728
2427
872
1698
2613
704
2028
2409
2546
509
1186
239
238
2444
314
1502
2851
1129
2112
2651
1150
2193
1455
870
682
466
2268
2714
1794
635
1473
2973
1831
902
1443
2178
1878
1771
703
2365
1382
1591
2824
2238
2024
2180
1596
2170
2328
43
1311
1183
2059
1927
488
1671
2529
2652
2259
1214
861
1784
287
2743
2611
1473
1129
435
2842
2719
504
2868
866
1939
1882
258
1751
1615
599
1459
2662
2064
2757
2808
2279
1490
1436
366
2076
1587
1387
1834
2361
1331
2049
2929
2493
434
2841
767
1736
1811
2600
2838
893
1983
1329
2353
2370
1245
795
609
253
2648
2433
536
1209
265
498
2244
650
1016
2842
190
1101
1813
649
524
1852
475
1634
2892
201
1855
991
1698
1920
2781
1579
932
2545
341
1488
900
1526
2484
2539
1493
194
1253
1012
1561
835
1841
1498
2786
530
1541
806
1792
1393
1211
1550
579
2980
972
278
74
2194
1621
498
1827
1277
1791
583
1579
2160
2419
2490
160
450
925
73
1381
9
968
1209
478
504
371
2608
2197
75
1723
612
1020
1762
2057
891
1164
1684
1717
1933
1453
2742
1955
814
2863
1397
461
2616
1905
2600
2137
1681
199
33
2388
2585
1241
518
2007
2671
242
883
1250
524
1759
106
2622
2096
1297
917
679
1179
1580
1059
578
751
2008
2730
82
2996
2679
677
754
2900
2785
566
94
1609
173
2244
2930
1515
1169
2056
2192
2974
2923
749
2652
1987
2145
1447
1578
2518
2630
2917
2875
792
470
1913
2147
694
92
816
2950
2858
2641
2053
237
2552
488
1227
1163
1956
2184
2395
181
1098
66
66
2514
262
579
79
1879
2141
1612
1948
2446
171
2976
1490
751
150
334
1866
1215
2283
8
433
2897
1368
1523
1883
1811
2642
1232
2188
706
480
322
539
1352
1448
209
647
1277
1760
190
423
667
2487
456
2029
2615
1861
2254
2778
1349
504
1862
1432
2083
456
2198
1107
2753
822
2297
2282
2022
456
948
125
319
136
2377
1775
2860
999
75
254
923
1636
1644
1889
2154
1233
1748
1681
1927
1679
451
2802
962
2200
2856
2364
2717
1574
1562
2246
474
1275
1551
354
1182
1288
2700
111
644
2466
1173
2530
982
2113
1477
1382
2248
2891
1672
2806
2373
33
990
321
2166
432
659
2294
2207
2579
1949
2207
172
167
397
1698
1021
2695
530
2789
110
2985
2970
1979
618
1016
1627
685
169
2907
1929
98
1119
391
200
2786
2487
1200
421
2711
272
814
416
86
319
581
1332
1268
2388
1445
2187
2508
1361
2828
1075
2432
1153
272
1269
1694
1886
338
1312
2605
678
407
1769
2023
1414
2001
543
2538
39
389
1356
1290
1648
182
1094
1585
1988
1762
2494
2218
502
2483
2448
666
1754
1105
85
1096
1526
222
965
782
1873
2107
657
344
1594
81
1081
2869
412
1714
2969
252
217
80
1769
2041
1532
934
2780
2664
260
2654
937
2096
366
2875
1721
2836
1681
2977
456
2726
1072
809
1560
157
2603
2833
1906
1441
1376
563
1886
963
81
1837
1798
1203
1509
1081
2341
77
59
1494
1741
2547
2475
774
1098
2881
2336
2073
2401
708
1956
2667
1142
2589
482
2169
1316
1397
1226
1010
1013
137
2456
763
1044
743
22
2923
513
249
2019
369
2718
715
2651
1291
336
760
170
896
2304
1641
980
200
2106
792
662
2682
653
2754
34
2030
988
1043
2254
2084
2421
815
2719
245
1064
1230
2653
865
1770
471
6
48
1595
488
327
277
324
541
1680
2991
2589
711
2272
2946
2222
1471
2184
2590
2956
1979
780
2007
1263
2136
2488
197
2034
2089
936
1780
994
2791
963
966
2002
1106
2808
568
2670
135
2672
1458
999
546
1598
2219
2839
2845
1373
2564
29
2265
1802
2724
1491
1605
1602
228
2198
2693
1772
2364
2302
1364
1722
566
2422
2446
611
496
1742
23
1813
2152
2016
2056
394
2739
280
1883
1609
655
823
2708
246
1339
145
1291
1340
2155
605
1624
1226
2079
725
1982
2331
2734
1224
2595
2131
847
1988
2446
806
2617
2751
2490
339
964
1136
2698
2210
631
2225
1909
2738
475
1921
373
1294
856
735
562
1057
607
2185
1076
1383
2120
742
433
685
780
280
284
2668
837
126
119
738
29
2120
2578
1738
2092
2557
1796
1061
902
2794
433
2137
1581
2876
2908
185
1075
2720
2791
2477
42
352
2330
1291
1975
2073
592
190
788
1491
240
2894
54
2064
1682
1904
6
177
480
1696
140
2469
1999
84
2640
2516
622
2994
827
723
2839
829
582
400
2979
2892
1024
2944
835
2244
1350
2703
2708
2503
1142
1688
2347
892
638
414
2401
1817
1691
1163
2936
2127
1411
1878
2383
2261
190
2706
1875
2664
2723
2196
1567
1361
39
589
1812
1246
468
2426
2868
1190
1543
1064
548
503
2618
100
1024
2227
1204
49
52
1571
2637
459
1968
2457
406
2532
2963
2820
1976
1557
1532
1496
2045
592
2804
389
916
1451
320
273
1792
2384
1134
1776
643
2570
301
2955
79
586
2258
1334
894
1491
1104
1751
2234
1723
272
1612
991
339
642
2259
1048
2353
659
480
1303
2684
991
1003
569
1423
1896
136
9
362
1743
1195
2700
2189
2179
1043
1358
2942
1848
1470
1346
1381
1914
2965
1711
2062
1386
2074
505
463
2704
1103
2070
2155
530
1553
2075
1150
731
2245
1845
1050
2119
66
2364
1553
1774
471
2732
748
1512
2870
2399
1499
1104
353
1680
1054
1044
2523
1089
1564
1835
851
2023
1241
912
493
2652
1581
478
617
2877
1179
2221
2616
1349
2799
2180
1636
1858
2884
1663
903
1263
1421
1771
1023
274
1842
687
1889
918
1718
1893
1699
2268
2750
66
1390
933
1620
1082
2004
2131
1029
632
2590
2153
631
1173
1865
408
296
1429
2682
491
2611
2178
1072
1237
460
2644
1841
634
38
2894
1631
2275
994
1783
2204
2462
2291
1663
1308
2998
1152
424
2891
1718
641
1704
2567
1884
2662
1660
246
2387
2652
2766
1602
1841
2210
1498
284
2251
59
2422
176
582
2788
272
1288
1000
505
980
2139
1701
531
2462
119
206
1541
829
460
2623
2399
761
99
936
1482
615
1568
494
1597
1162
1747
1539
1671
2539
477
556
918
1372
1761
2753
1759
434
2256
2066
727
2402
35
760
1394
549
274
793
1194
934
138
2104
691
1212
1695
669
2628
1499
990
249
880
2648
2150
932
670
876
1599
1450
1437
600
2124
1444
1732
155
1862
1435
386
2968
1817
2394
1705
2867
954
309
1224
685
793
1668
1049
2470
1931
812
1815
1091
2428
2744
1605
1600
1475
1196
507
2159
2590
859
810
2890
2448
41
819
365
2976
27
1090
2504
67
2413
841
571
2677
1396
1642
2987
2652
110
2188
2084
86
2391
1251
687
1756
2382
1129
1503
278
863
2425
566
873
833
886
2429
647
2890
479
1884
926
266
1261
2046
2779
2822
1856
2521
928
774
1135
252
1676
1337
1335
2
2738
311
2975
1591
2357
1072
2081
1936
2146
2283
1826
719
1574
1713
1038
1999
906
1163
1718
2693
1540
1048
1947
1104
232
116
840
1859
2830
2646
395
2200
1646
2273
676
863
2073
1774
2481
2239
2898
543
2609
1204
2278
126
2135
1402
79
383
2170
2737
479
2940
139
722
1427
1664
1678
576
725
1982
701
1962
1863
1003
449
1096
685
17
138
508
1994
285
2945
260
822
1059
644
2669
1678
120
2858
2042
2892
1265
1624
916
2073
2930
842
1716
2616
537
2958
760
701
1453
2094
242
2830
449
2228
2799
1225
1325
275
134
1886
39
171
863
2630
2085
2910
2879
924
86
2401
2025
2194
2106
413
766
2768
408
1678
1785
705
2791
835
1892
622
86
735
1191
2543
2999
1087
2019
622
425
1598
377
255
2670
109
928
494
2069
367
103
2439
601
1820
2319
2291
2985
1340
2557
1809
1633
479
2815
1788
1240
1075
1021
1828
2555
1989
1442
1799
1643
1003
1322
105
1947
1057
510
2834
2709
1762
534
2687
2805
2386
1143
843
2261
1162
1621
1344
579
1188
114
1064
1592
2935
2416
657
2762
1013
1412
2960
1252
739
1371
2125
2508
2008
2585
1952
2102
2490
959
442
1791
2014
413
2856
61
1094
2473
1403
2677
1544
1374
267
652
276
529
533
1762
2470
2504
2730
2108
893
2452
2954
1393
1571
1520
1473
2408
1495
506
1441
2384
2263
410
1608
39
1361
2472
2172
2655
2948
2515
2524
230
490
767
2888
2757
2633
1471
1740
2667
2523
1284
2161
2554
706
92
1260
1387
1688
1630
43
1318
1046
357
1389
1453
155
467
2834
761
2920
1632
739
268
1777
99
315
1321
1054
8
1470
217
723
1843
2008
464
2261
948
1794
1631
718
2044
1377
1315
1627
2118
1335
2621
2172
2793
2965
1155
867
2694
665
2776
1001
213
101
1552
1477
380
1944
2878
790
362
2386
2273
2435
145
2562
1564
2505
947
2889
2309
158
1431
2124
465
1075
1347
1838
1982
1319
2612
1293
2592
833
124
462
1992
1462
331
1499
2370
2292
2401
2180
118
2318
1915
1596
1442
2937
868
1029
1454
910
1974
2982
2504
2570
817
1884
1368
2386
1403
2231
2158
1682
568
2311
1867
688
1172
478
1246
2765
239
672
2048
2116
1593
312
2658
1406
54
1172
2581
1741
1531
1676
321
1791
1378
1999
1587
605
1490
1632
2745
2389
2611
719
2920
260
2928
2610
1120
480
1717
301
397
1854
2459
2831
594
807
2850
2855
273
2161
295
55
2334
147
1230
1472
1429
1560
1242
2422
1689
1367
34
2686
2271
1330
2262
V
1861
2209
2983
1163
2507
879
2980
1898
1888
539
2470
784
2541
1796
1267
634
1510
558
2318
2135
2054
136
259
2594
2844
694
1467
1952
141
2095
938
2175
2513
98
552
2696
818
2493
293
2238
531
614
1297
711
2390
2629
2810
1787
1745
841
2183
1570
121
394
293
2963
2215
528
2808
1195
2706
2714
1012
914
694
1665
2204
1996
2763
2382
2947
2910
1049
769
2625
1512
1955
1236
1128
2634
1241
1863
128
578
2818
2341
1143
101
1401
559
477
155
1936
1431
2832
296
538
624
2923
2928
1030
212
1212
2755
2881
254
294
322
2786
2529
1444
1001
1556
672
271
1453
376
2632
1641
2935
41
1987
1835
2249
1540
1766
797
1313
1263
1053
732
2988
465
2558
2249
2557
2171
2451
183
1302
1294
100
2333
1045
2332
76
1005
1051
27
2067
2739
1802
1624
1844
442
381
1696
1919
660
1364
629
330
1089
1855
2614
980
570
667
1680
578
838
403
2116
2293
1724
2873
2449
324
2154
949
396
1198
1509
1909
2412
1994
1666
2782
203
2611
829
257
706
2966
24
2770
2716
2254
1806
2685
2479
2146
841
834
1286
2901
1969
2995
1634
1886
349
282
33
1257
2911
1873
2983
2902
307
1636
2861
2472
2528
1138
2344
769
1234
996
2172
1604
1943
12
1880
1035
2513
594
531
2162
2235
1259
927
2907
2192
2444
189
228
2720
2485
2225
1094
436
1225
1095
583
2868
2628
1006
2147
2687
1590
2541
238
1851
760
579
1957
2678
2404
1043
301
812
2226
144
596
17
2616
1805
7
1369
1642
336
699
1326
1314
1024
1313
619
458
397
2340
87
2095
1847
44
1523
912
1281
2456
2359
2848
1871
991
874
1328
414
455
1897
473
451
2242
1642
2647
2526
1214
1825
2930
2696
1404
595
1994
2068
1188
1641
1080
1042
126
535
1861
2001
1908
2622
693
1294
2118
1718
2404
944
2894
1640
2012
2926
29
1979
1749
2851
1893
2445
1655
2624
354
37
1548
347
827
1062
905
1239
2572
2887
1406
2300
1057
2729
1268
752
2020
1992
167
2718
1847
2094
188
1422
1913
868
1300
2445
2898
1202
329
943
1105
1769
2769
2642
1297
2263
1721
245
919
626
220
2585
175
1985
1460
1150
2015
2696
504
2033
1852
1538
2815
2364
1652
1220
291
1918
684
1919
2585
253
587
1270
2249
138
2398
425
2169
2028
1149
1994
1383
2272
670
894
2878
1015
1105
485
2944
2496
2812
1294
1893
799
1991
2300
2891
2494
2075
1550
1775
315
2174
70
2219
2866
1834
239
1912
1253
464
509
1150
2089
246
232
1921
1107
1272
369
422
259
1158
648
1983
239
123
2724
907
707
1190
2157
346
352
924
1119
1551
2098
2837
1592
1407
1511
1814
2652
1881
845
744
1742
2246
2579
1950
706
515
1786
228
2625
2205
1357
2918
228
556
1103
2287
1469
2699
2980
412
490
1759
1491
776
1411
2133
90
297
2951
2113
2123
530
1673
1837
278
2554
1977
1671
86
2653
1752
398
1752
2002
436
1694
73
2917
717
1329
1512
2126
2839
297
940
2545
1057
827
903
2759
589
22
1587
2109
2778
629
980
2948
550
1281
1246
1129
2063
1427
1720
1678
2092
1048
1786
2232
1407
2685
955
1770
2710
957
1422
946
1466
1017
861
1498
336
2191
2678
1050
6
1887
2389
676
1144
2378
1131
1488
2556
1483
1254
1
755
290
2489
1216
9
1311
941
800
2998
708
2455
305
2238
1486
500
793
2614
2613
683
984
352
1130
2138
2034
1601
1865
2684
2858
2969
1711
969
1709
2642
733
438
2685
2500
2702
2870
1584
2257
1693
1641
88
13
1811
2821
2836
1664
1616
1898
678
2775
1135
554
1534
1879
2287
1625
2735
76
350
713
2985
625
793
505
1823
1056
914
463
474
2085
161
1123
2054
1398
2823
1751
338
1918
1007
1932
1198
506
2237
1358
600
1291
1899
986
448
1085
593
726
2997
2856
829
339
2343
2429
2796
743
38
2507
768
2054
794
1506
147
610
1925
1855
2466
240
2207
210
493
1500
176
1037
2062
1648
619
1014
2728
713
897
910
842
2131
91
35
1916
287
524
2667
1345
2737
1038
2417
2894
1950
972
1845
1778
1286
2201
2591
1286
1326
2119
1669
1007
730
9
2542
226
537
2981
717
471
385
1748
2329
937
205
1701
1524
2365
1412
1041
251
2505
2484
767
1142
2671
1846
1507
89
2257
1108
2267
2858
1679
2200
675
2156
1192
2991
2833
859
1997
2918
1291
968
1708
2235
1247
2463
1403
2240
427
1096
907
2315
1351
1587
2280
2777
1823
880
2302
813
2677
165
1358
2571
39
313
1145
1562
1181
201
644
857
62
2648
2940
1809
291
2453
980
2619
420
8
1285
548
2978
676
614
710
1372
1643
1340
337
2622
502
2035
130
359
1437
1470
1898
1505
1799
1203
2106
1239
33
2066
517
2482
580
24
1728
1772
1314
1383
141
817
1489
320
2590
2514
260
2852
2272
2284
1365
39
13
185
760
2502
575
1734
2060
715
650
596
1523
542
2417
378
1053
566
1892
139
1311
2968
56
1788
225
223
1440
442
649
2805
835
1369
1442
2873
2669
1975
1177
2138
2634
242
2746
19
1016
1975
1253
847
2957
1525
967
582
2145
2241
2335
297
2877
1028
1206
2019
1292
1642
1466
1192
1472
260
2701
2218
2017
1944
2625
2065
1506
1158
1503
1667
276
2047
2633
2790
47
2146
4
1153
1902
2327
2154
185
1650
351
1406
347
1026
1971
2337
1796
794
2324
2533
1857
897
211
2777
2693
2551
291
1796
1853
2351
2316
1037
2362
761
985
2730
2535
51
1083
1807
1937
1585
1791
618
2183
1067
2117
389
426
1102
2611
451
1983
1622
2194
39
1755
1594
2896
2281
2639
1168
2421
1346
1884
2866
697
834
1391
1633
2190
2840
2184
1818
1130
754
1680
614
1601
2253
146
1862
2152
1319
1964
1814
2908
2555
1477
618
2212
1430
2265
967
1532
2943
1699
1523
1156
588
258
2159
1465
1763
2511
947
1066
2381
1166
2947
1541
298
2043
2465
2195
585
1271
2716
2201
1207
2107
1303
697
2834
1612
1068
416
646
176
355
2449
920
1080
989
2322
1593
1598
1198
1510
2653
72
659
2123
2860
1998
2000
1900
1121
1321
2037
1985
1913
1916
2954
1486
2742
1200
2568
1209
845
170
2682
1880
109
2208
2260
1707
2850
76
1027
2125
608
2775
2885
2129
547
146
2482
2715
2150
169
1339
2308
2794
2505
1106
1698
218
956
1642
2344
2134
2098
680
2737
1556
1634
1955
931
1253
1905
2280
489
871
1755
2073
2177
2702
416
87
1232
2481
1976
261
2515
2939
1658
2991
1439
1982
448
2243
619
1071
1632
62
220
1782
2991
834
2673
1564
303
503
2929
722
899
1448
1946
1407
2223
2687
2795
2578
845
684
548
1241
486
1465
1724
2338
1654
169
1131
256
1467
1859
1513
2657
319
1202
143
277
1507
2703
1685
24
271
2313
2251
1476
2312
2851
1196
2489
2521
2102
2184
799
893
849
785
246
188
2463
1344
259
1860
2872
2017
2173
1833
442
2684
1089
1016
1977
517
299
40
1284
206
1998
2147
2770
2676
918
388
21
31
2443
736
2390
2374
481
74
1778
787
2382
1786
523
346
2980
1086
714
936
1736
884
2187
1097
2649
2086
2753
522
261
983
637
1689
1920
2237
2793
66
1279
1199
1497
2387
12
1977
1548
122
2203
1246
703
1565
1540
2573
2258
2371
921
1655
1360
2081
1299
2392
2961
511
2592
1868
1034
1676
137
500
2776
1791
2377
1257
2273
2704
2087
2968
516
2543
2496
567
457
2187
2438
1199
627
365
1086
1666
909
2341
1361
2815
155
13
1753
339
2707
526
631
2250
2180
80
2314
1839
2518
2422
2146
2992
1970
840
309
1566
2763
1474
2682
971
2148
54
1709
509
1716
1430
1067
690
2664
2772
2542
1260
632
2573
2515
1967
1989
171
1169
1200
656
851
1445
937
1279
1407
2428
1314
1524
2372
2328
2074
2462
2174
935
1103
1588
1418
1464
154
2127
2596
1496
2214
2407
371
2860
2306
1497
834
224
1853
2880
520
127
1794
1586
466
1372
445
2108
2272
88
1100
1520
2597
2716
2553
1493
2754
2258
591
960
1358
1887
1810
2866
1687
2020
260
1314
2436
1029
1102
1469
1870
457
732
1579
2075
2396
844
1275
1317
25
512
586
2723
2972
1058
2096
2175
2039
2184
2659
2296
1723
1984
232
2504
2233
301
591
481
2409
506
2703
1859
819
1558
562
121
2029
2657
1714
333
2093
2183
2468
2321
1359
75
988
95
1984
365
265
1715
2747
391
1426
2256
1164
1468
2793
2232
1620
2881
1719
1129
1949
1721
80
2092
767
588
2809
127
2826
1160
2519
221
1036
1315
1457
148
2157
135
361
752
1209
1479
1295
590
2525
1977
695
1091
2190
2373
1420
302
703
845
2524
2540
2610
2828
638
2187
417
1828
170
2624
2900
1515
1416
645
2437
2670
1379
1677
2859
1953
847
138
2916
1989
617
1289
2383
1075
2334
916
2057
1657
63
617
525
130
443
1985
1873
1050
2397
27
2583
1203
776
2417
666
2553
760
756
2418
1845
555
1444
825
2000
1423
122
734
1414
1918
794
874
61
1176
75
2986
2502
1623
1209
396
2027
2721
2292
1989
1930
73
978
1194
9
255
923
877
138
817
1804
91
1913
290
2254
2980
1300
323
1903
603
370
655
730
735
439
275
2227
1464
1135
1973
349
1454
504
2308
1519
334
438
2696
1180
662
2145
2660
1962
908
577
1473
2646
593
1973
629
197
812
536
836
1230
717
2533
957
1159
2750
621
2297
1725
1121
527
1407
2984
446
575
692
2589
539
2665
105
2878
2354
2943
2005
624
2853
626
2612
843
2725
1150
2136
1591
1147
1329
2856
805
1742
1910
1382
780
2103
1084
693
1533
2313
2100
162
2048
1406
291
2570
2960
2629
1140
229
581
2472
779
441
457
1149
2445
746
1126
1211
1699
1617
1181
816
65
1227
2473
480
1594
2483
6
537
334
2106
588
733
639
1166
1065
2519
2400
2033
2509
1897
1439
2979
1639
2246
1060
170
745
363
770
2050
2519
1468
1559
2144
2062
1604
191
1187
1227
604
2005
301
1769
424
1348
2397
1567
1231
666
2153
2001
618
2174
787
1669
1598
1580
2225
2729
2261
159
2426
2268
1313
735
453
2170
2563
1571
2212
2236
891
1712
2065
1751
1961
1546
2768
755
788
2218
566
2943
2089
1274
2816
580
838
389
1270
2887
1831
1810
1641
1322
320
2882
1627
1021
1412
2455
1894
985
2358
2000
337
830
2951
458
2406
1366
2335
50
1095
1593
1271
120
2018
2314
254
1118
1978
1161
506
154
592
563
577
1855
2073
2135
2017
1051
194
946
1853
2748
2522
2062
345
2260
1367
2886
2440
2719
108
2269
555
2051
1433
1800
2021
1736
1099
2793
917
2183
1030
1317
60
1759
1584
1400
1136
2358
2071
272
1343
2781
1878
407
1296
2687
2404
2253
719
2036
1286
1429
1679
1961
102
2950
2365
2386
627
2158
2738
1842
939
2594
2097
1034
1494
2769
874
2936
1110
97
2382
562
1740
2585
1924
1500
1732
2850
1443
2607
851
1288
2041
1770
224
1589
1468
84
401
2159
607
1939
1464
2921
367
759
1686
24
2230
1299
2357
2471
2176
197
1684
989
1620
2947
2191
2276
2470
1520
2342
2198
2546
1655
1159
2059
2795
2792
1342
838
1901
1233
676
1737
2439
959
581
86
14
2285
2254
2728
286
2427
1671
2537
282
2371
550
1349
78
2200
1836
574
1138
2352
1732
618
2234
572
377
1530
2732
2045
2343
1468
1
1529
917
635
2000
2758
2241
582
1624
942
1132
750
1540
300
1576
1100
2364
1246
2727
202
425
84
1390
2736
1025
896
1746
171
2484
1718
1393
1753
2325
1774
741
256
1469
1071
1844
1031
757
1766
115
2981
1459
359
2125
9
1312
668
718
929
2591
1100
1581
1871
2991
1413
2001
65
1276
2085
1683
2912
2107
869
2645
2827
1437
2367
2593
989
839
866
213
2948
1447
1660
1053
2772
257
2111
2058
1667
2251
671
1146
926
1149
2875
1775
1044
430
2537
764
2017
859
2935
1302
2062
2656
816
175
583
1140
83
2025
2901
1576
1338
377
2301
1425
865
2538
2696
526
630
1852
2789
795
1745
707
1076
1072
491
1885
2820
1980
196
2159
1808
846
375
2439
157
2821
433
767
223
1958
554
2272
956
390
626
2030
129
2040
1528
2395
2491
2649
1055
2518
193
2531
619
149
57
1991
2283
2744
2440
302
494
1928
270
394
34
2432
593
1136
1027
2843
1081
617
1962
1718
908
2921
1246
1167
122
783
2783
7
492
1871
2616
1196
1144
2764
2772
2593
2936
1218
1413
2882
1468
2722
1953
2323
1829
231
430
425
2700
2154
1152
1795
2042
265
2384
2721
145
389
2078
214
2203
2659
1203
2754
1250
2059
1576
2091
639
824
1396
702
2206
2559
124
288
1042
2027
2531
210
2821
936
1044
532
1675
903
2101
2072
776
10
431
1795
1623
2737
891
2016
2453
2755
783
2934
1189
2856
2961
2946
924
543
2660
488
2944
348
585
390
1669
789
199
281
480
2708
1814
861
448
2847
1272
2183
345
1143
1449
1637
354
1550
1889
2824
2826
252
191
1640
2047
363
2776
2625
2079
1986
1104
2782
378
2351
49
2171
495
2217
730
2727
1039
2916
1673
353
863
422
668
2129
466
2330
260
83
2390
987
420
736
2141
667
1633
1486
823
2004
2162
2897
2142
2151
1433
2873
2362
1771
2314
166
1646
2121
1811
2129
1971
622
597
5
2515
2800
2211
1270
1553
2236
472
1345
2831
383
262
2396
152
2667
84
1711
2759
1373
2296
2907
15
1453
2285
2906
1813
1022
342
576
1291
2526
612
1168
2983
2784
2388
1794
1051
1680
269
1275
885
2630
2336
461
106
512
993
825
551
1017
2061
1802
760
2310
2924
68
1301
226
2257
1141
1049
1656
1808
2450
2492
761
383
1837
220
271
1680
1726
2520
1810
1702
632
2325
1808
726
1302
284
970
489
165
1964
125
1535
771
2852
1998
2725
2512
2068
266
2841
380
956
1029
1662
2433
228
161
1140
2667
1238
2049
849
405
1049
1566
1222
1134
1176
242
2515
148
2363
2955
2677
455
659
1722
2785
1689
1467
1117
857
181
2430
538
1630
390
844
1005
2102
2385
921
1988
2137
2053
1583
1529
367
1473
2194
2959
1180
1984
2988
1824
398
2097
1595
2902
2654
2521
504
1473
21
1933
1954
1825
2034
58
666
2733
281
1168
1967
1691
869
2927
1829
480
2145
2704
450
834
4
1911
241
28
611
528
283
2394
2188
1864
2962
2566
1600
1252
319
82
559
1104
359
239
1179
2465
2458
573
1222
1923
1757
1868
261
299
1344
2235
2842
20
1353
2063
2412
1812
794
2406
882
652
1761
2899
272
843
2695
2085
536
1501
1956
1156
2324
651
689
2940
1011
2018
2933
2949
1211
496
2420
2649
1190
1172
852
696
2224
638
1650
801
408
1135
885
2178
2813
2642
1305
1497
2163
538
552
1852
2733
1566
939
446
229
2195
2527
2179
746
929
1206
150
258
2313
402
1200
728
2693
1354
796
2543
1568
150
377
2256
2743
1749
104
1816
2048
2074
1966
1750
138
2170
2332
1971
2054
2769
1053
1179
2157
982
696
2587
1930
732
1279
2860
2753
2090
1959
2239
1055
973
1209
1657
172
148
2504
1512
2175
1820
2108
206
1600
789
1262
2046
436
1493
2733
77
1668
404
368
900
55
1168
1213
2115
130
2794
2978
2855
13
832
2890
2327
2648
2300
2490
2675
1837
613
388
2958
504
1492
1483
2830
28
1362
953
2497
2647
184
598
2555
1033
103
2946
2477
1225
82
1196
1624
633
1344
1603
370
283
1990
2438
600
36
180
1655
653
2400
1351
133
1946
2294
872
2650
1591
2205
2178
1706
2320
1751
529
2229
2723
2669
2786
2775
1185
652
885
38
1916
190
2682
1075
1760
2851
1547
2261
428
1234
422
162
819
547
351
264
1462
847
2459
595
372
2946
1503
2247
2421
1255
1954
761
587
1420
1736
1617
2114
1336
1593
2019
266
371
1337
2526
747
2645
1513
2483
2816
2106
1727
2202
774
1307
81
1594
2991
1592
215
224
2858
2701
850
2323
1286
763
2703
1269
375
2153
2849
2236
1639
1763
1238
273
1793
201
2344
2520
1482
371
2992
2146
1985
715
86
80
400
1283
2387
120
2651
194
186
1517
1609
2889
500
426
2897
770
1332
815
2503
2971
1538
2599
1078
2399
852
2889
2464
2054
506
742
268
1663
2656
2082
696
1619
2873
1095
1671
2539
1122
1446
2524
2244
366
1719
2136
1938
1600
1500
1193
555
1125
32
1067
2430
723
2557
1819
876
1693
1911
362
1133
1729
523
2150
278
1827
2349
1279
2778
1339
176
945
126
140
1822
341
641
1967
2082
2149
2548
952
908
1552
111
558
78
1010
404
577
1541
2024
1575
455
370
2907
2486
1000
1049
2931
574
2659
1817
2885
