T 2000
C 500
I 500
P
42
468
335
501
1170
1725
1479
1359
963
465
1706
146
1282
828
1962
492
996
1943
828
1437
392
605
1903
154
293
383
1422
717
1719
1896
1448
1727
772
1539
1870
1913
1668
300
1036
1895
704
1812
1323
334
1674
665
1142
1712
254
869
1548
1645
663
758
38
860
724
1742
1530
779
317
1036
191
1843
289
107
1041
943
1265
649
1447
1806
1891
730
371
1351
1007
1102
394
1549
1630
624
85
1955
757
1841
967
1377
1932
309
945
440
627
1324
1538
1539
119
83
930
542
834
1116
640
1659
705
1931
1978
307
1674
387
1022
746
925
1073
271
1830
778
1574
1098
513
1987
1291
1162
637
356
768
1656
1575
32
53
1351
1151
942
1725
1967
1431
1108
192
8
1338
1458
288
1754
384
946
910
210
1759
222
589
423
947
1507
1031
414
1169
901
592
763
1656
1411
360
1625
538
1549
484
1596
42
1603
351
292
837
1375
1021
597
22
1349
1200
1669
485
282
735
54
2000
419
1939
901
1789
128
468
1729
894
649
484
1808
422
311
618
814
1515
310
1617
936
1452
601
1250
520
1557
799
304
225
1009
1845
610
990
703
1196
486
1094
344
524
1588
1315
1504
1449
1201
1459
619
581
1797
799
1282
1590
799
10
1158
473
1623
539
293
39
180
191
1658
1959
192
1816
889
1157
1512
203
635
273
56
329
647
363
887
876
434
1870
143
1845
1417
1882
1999
323
652
22
1700
1558
477
1893
390
1076
713
601
511
1004
870
1862
689
1402
1790
1256
424
1003
586
183
286
1089
1427
618
1758
1833
933
170
155
1722
1190
1977
1330
369
693
1426
556
1435
550
1442
1513
146
61
1719
1754
140
424
280
1997
688
530
550
1438
1867
950
194
1196
1298
417
287
106
489
283
456
1735
115
1702
1317
672
1787
264
314
356
1186
54
913
809
1833
946
314
1757
322
1559
1647
1983
482
145
1197
223
1130
162
1536
451
1174
467
45
1660
293
440
1254
25
155
1511
746
650
1187
314
475
23
169
19
788
1906
1959
1392
203
1626
478
415
1315
1825
1335
1875
373
160
1834
71
1488
298
1519
178
1774
271
1764
669
1193
1986
1103
481
1214
1628
803
100
528
626
1544
1925
1024
1973
1062
182
1004
1433
1506
1594
726
1032
493
143
1223
1287
1065
1901
1188
361
414
975
271
1171
236
834
1712
1761
897
668
1286
551
141
1695
696
1625
20
126
577
1695
659
303
1372
467
679
594
1852
1485
1019
465
1120
1153
801
88
1061
1927
1011
758
171
316
1577
228
44
759
1165
1110
1883
1087
1566
1488
1578
475
626
1628
1630
1929
1424
521
903
963
124
597
1738
1262
196
526
1265
261
203
117
1031
327
1012
772
412
1548
1154
1521
1791
925
189
1764
941
852
663
1830
901
1714
959
1579
366
1008
1478
1201
59
440
304
761
1358
325
478
1109
1114
888
1802
851
461
429
994
1385
1406
541
1112
705
836
357
73
1351
824
486
557
1217
1627
1358
527
1358
1338
1272
1870
1362
897
1023
1618
113
718
697
1586
42
424
130
230
566
560
933
297
1856
54
963
1585
1735
655
973
1458
370
533
964
608
484
912
1636
68
849
676
939
224
143
1755
512
742
176
1460
1826
1222
1871
1627
1935
1206
1784
1851
1399
280
702
194
735
1638
535
1557
1994
177
1706
963
549
1882
301
414
642
1856
856
1143
1463
1612
878
425
679
1753
444
297
674
41
1314
876
73
819
611
1018
933
113
696
1170
1832
41
489
686
1091
1498
590
1991
1146
1354
1315
652
741
45
1259
336
760
1193
1606
1265
182
504
1830
1776
609
1293
1998
1550
1557
1562
1628
468
1542
130
1241
1814
1175
602
78
216
684
214
1993
1825
1602
1393
1760
671
429
28
85
76
787
1499
971
288
1848
605
504
1222
664
1707
364
1011
172
1490
241
165
1543
1620
914
1592
705
1819
1233
751
1206
976
1540
304
1423
1099
1248
1585
1649
972
1865
914
1076
1546
713
1547
679
1770
1263
520
1986
290
1945
866
541
1246
1509
319
1871
1602
324
1133
473
1153
1088
571
1764
1902
1104
424
1528
1601
970
16
1566
29
1544
1348
89
944
638
410
464
1050
682
1589
1343
609
61
1222
1759
1955
889
147
691
1950
844
1431
1621
749
1068
537
784
36
227
1186
1039
1854
1630
1225
1749
1924
1360
258
767
945
956
1319
727
1412
1026
356
1002
550
1497
585
1516
1965
1343
76
1914
143
1197
1949
1073
427
607
174
430
405
706
627
1813
1376
94
566
37
737
1142
815
1995
257
653
1937
839
483
1356
1016
1132
231
1842
626
12
638
187
1691
1651
1663
1635
894
354
1417
1453
9
1263
234
1455
304
635
304
257
149
1125
318
214
1110
29
1201
1081
1319
859
51
156
1362
1265
1904
1677
1644
910
903
1562
490
949
1283
1654
675
221
1403
924
1832
1370
1879
260
1009
620
1972
4
1946
1782
505
393
686
1314
699
1590
723
1939
1038
411
1462
235
509
1962
1960
494
1516
1270
938
870
59
701
1972
265
1118
216
556
1816
331
1040
213
1289
83
1955
86
711
485
775
381
1816
1952
542
116
1680
1111
1899
1074
789
1978
133
1957
690
114
9
942
1791
1724
1364
29
1185
779
1201
1072
1886
1975
1072
1334
868
154
296
169
826
1677
1630
651
599
1310
694
687
81
117
250
668
1529
680
1865
1422
406
827
817
1517
1727
667
1088
1682
1965
1341
1687
22
1663
722
65
1310
416
1903
1874
1125
1942
746
1763
424
1532
807
269
1319
1603
1908
308
1482
1013
1137
631
115
810
85
1557
291
1294
1997
1153
1055
1346
709
249
1492
1713
1132
115
440
1959
723
1705
996
1053
1270
1480
239
424
1919
867
1660
499
487
1197
1463
634
159
23
1147
393
1038
1926
648
1459
603
808
99
1831
1293
601
1279
800
353
449
1883
541
316
576
763
1568
337
398
1419
1898
1829
1852
817
231
450
926
659
230
521
941
1561
1148
1163
1656
676
793
362
1755
399
1147
715
947
1189
1570
639
1664
1076
516
1522
476
1616
529
1235
571
906
1465
1558
963
162
525
550
1470
331
1924
351
334
926
911
1738
337
338
1279
394
1637
715
165
1592
1950
1136
506
1338
5
338
624
665
1971
1609
569
1282
1086
1153
374
653
195
1877
1827
397
1573
250
641
1175
820
944
612
1942
290
420
1566
1806
1586
217
1451
1616
610
1065
1167
894
75
1510
301
1696
1574
1590
1162
1173
1969
1359
32
269
1427
511
423
775
780
911
1553
183
1392
1496
1765
875
1365
903
256
461
475
973
822
123
1548
1578
1790
1606
196
1595
1951
344
755
482
1013
1673
1440
1429
1913
1763
1968
409
416
1909
1224
1760
435
1205
1487
320
959
1946
807
167
701
1368
1693
1788
533
557
975
1448
1022
284
223
1332
377
584
949
724
1983
19
777
1221
1112
183
1857
1491
926
325
487
1678
1970
1644
1535
1678
669
1069
1992
197
1784
829
1728
1427
1872
698
1613
704
1028
1409
1546
1509
1186
239
238
444
1314
502
851
1129
112
1651
150
1193
1455
1870
682
1466
268
1714
1794
635
1473
973
831
902
443
1178
1878
1771
703
365
1382
591
824
238
24
180
596
170
328
43
1311
183
1059
1927
1488
1671
529
1652
259
1214
1861
1784
1287
743
611
473
1129
435
1842
719
1504
868
866
939
1882
1258
751
615
599
459
662
64
757
808
279
1490
1436
366
76
1587
1387
1834
361
1331
49
929
1493
434
1841
767
1736
1811
1600
1838
1893
1983
1329
1353
1370
1245
1795
609
1253
1648
1433
1536
1209
1265
1498
1244
1650
16
842
190
101
1813
649
1524
1852
475
634
1892
1201
1855
1991
1698
920
1781
579
932
545
1341
1488
900
526
484
1539
1493
194
253
1012
1561
1835
1841
1498
786
530
1541
806
792
1393
1211
1550
1579
980
972
1278
74
194
1621
1498
1827
1277
1791
583
1579
1160
419
490
160
1450
925
1073
381
1009
1968
209
478
504
1371
608
197
75
1723
612
1020
762
1057
891
1164
684
1717
1933
1453
742
955
814
863
397
1461
616
905
600
137
681
1199
1033
388
585
1241
1518
1007
671
242
883
1250
1524
1759
106
1622
1096
1297
1917
1679
179
1580
1059
1578
751
8
1730
82
996
679
677
1754
900
1785
1566
1094
1609
173
1244
1930
1515
169
1056
1192
1974
923
749
1652
987
145
447
1578
518
630
1917
1875
1792
1470
913
147
694
1092
1816
950
858
641
53
237
552
1488
1227
163
956
1184
395
181
98
1066
1066
514
1262
579
1079
879
141
612
1948
446
171
1976
1490
751
150
1334
1866
215
1283
1008
1433
897
368
523
883
1811
1642
1232
188
706
480
322
539
1352
1448
209
1647
277
1760
190
423
1667
487
1456
29
1615
861
1254
1778
1349
504
862
432
1083
456
198
107
753
1822
1297
282
22
456
1948
1125
319
1136
1377
1775
1860
999
75
1254
923
636
1644
889
154
1233
748
681
1927
1679
451
802
962
200
856
364
1717
574
1562
1246
474
275
1551
354
1182
288
700
111
644
1466
1173
530
1982
113
1477
382
248
891
672
806
373
33
1990
1321
1166
1432
1659
1294
1207
579
949
207
1172
167
1397
698
1021
1695
1530
789
110
1985
1970
979
1618
16
627
1685
1169
1907
1929
98
119
391
1200
1786
487
1200
421
711
272
1814
1416
86
319
1581
1332
1268
388
1445
1187
508
361
1828
75
432
1153
272
269
694
1886
338
1312
1605
678
407
1769
1023
1414
1001
543
1538
39
1389
1356
1290
1648
1182
1094
585
988
762
494
218
1502
1483
1448
1666
754
105
1085
1096
1526
222
1965
1782
873
107
1657
1344
594
1081
81
869
1412
1714
969
1252
1217
80
769
1041
1532
934
1780
664
260
654
1937
96
366
1875
1721
836
1681
977
456
1726
72
809
1560
1157
1603
1833
1906
441
1376
1563
886
1963
1081
1837
798
1203
509
81
1341
77
1059
1494
1741
547
475
774
1098
881
1336
1073
1401
708
956
667
142
1589
482
1169
316
1397
226
1010
13
137
1456
763
1044
743
22
1923
513
1249
19
1369
1718
1715
1651
1291
1336
760
1170
1896
1304
641
1980
200
1106
792
662
682
1653
754
34
30
1988
1043
254
84
1421
1815
719
245
1064
1230
653
865
770
471
1006
1048
1595
1488
327
1277
1324
541
1680
1991
589
711
1272
1946
1222
471
184
1590
1956
979
780
1007
1263
136
1488
1197
1034
89
936
1780
1994
791
963
966
1002
1106
1808
568
670
1135
672
1458
999
1546
1598
219
839
845
1373
564
1029
1265
802
724
1491
1605
1602
228
1198
1693
1772
364
1302
364
1722
1566
1422
1446
611
496
742
1023
1813
1152
1016
56
1394
739
1280
1883
V
1609
655
1823
708
246
1339
145
291
1340
1155
605
624
226
79
1725
1982
331
1734
224
595
1131
847
988
1446
806
617
1751
490
1339
1964
136
698
210
1631
1225
1909
738
475
1921
1373
294
1856
735
1562
1057
1607
185
1076
383
120
742
433
685
780
280
284
668
837
126
119
738
29
120
578
738
92
557
796
61
1902
794
1433
137
581
876
1908
1185
75
720
791
477
42
1352
330
291
975
1073
1592
190
1788
1491
1240
894
1054
1064
682
1904
1006
177
480
1696
140
469
1999
1084
1640
1516
1622
1994
1827
1723
1839
829
582
400
979
1892
1024
944
835
244
1350
703
708
503
1142
688
347
1892
638
414
1401
817
1691
1163
936
1127
1411
1878
1383
261
1190
706
1875
664
723
196
567
361
39
589
1812
246
1468
426
868
1190
543
1064
1548
503
1618
1100
1024
1227
1204
49
1052
1571
637
1459
1968
457
1406
1532
1963
820
1976
557
1532
1496
45
592
804
1389
916
1451
320
273
1792
1384
134
1776
643
1570
301
1955
79
1586
258
1334
894
491
104
751
1234
723
272
1612
991
339
1642
1259
1048
353
1659
480
1303
684
991
3
1569
423
896
136
9
362
743
195
1700
1189
179
43
1358
1942
1848
1470
346
381
1914
965
1711
62
1386
74
1505
1463
704
103
1070
1155
1530
1553
75
1150
1731
245
845
1050
119
66
364
1553
774
471
1732
748
1512
1870
399
499
1104
1353
1680
54
1044
523
1089
1564
1835
1851
1023
1241
1912
1493
1652
581
1478
1617
1877
1179
1221
616
349
799
180
1636
858
884
1663
903
263
1421
1771
1023
1274
1842
687
889
1918
1718
1893
1699
1268
1750
66
390
933
1620
82
4
1131
1029
632
590
1153
631
1173
1865
408
296
1429
1682
491
611
178
1072
1237
460
644
841
1634
1038
1894
631
275
994
783
204
1462
291
1663
308
998
1152
424
891
718
641
704
1567
884
1662
660
246
387
652
766
1602
841
1210
1498
1284
1251
59
422
176
582
788
1272
288
2000
505
980
139
701
531
462
119
206
1541
829
460
1623
399
1761
1099
936
482
615
1568
494
597
1162
1747
539
1671
539
1477
1556
918
372
761
1753
1759
1434
256
1066
727
402
1035
760
394
549
1274
793
194
934
138
1104
1691
212
1695
669
628
1499
990
1249
1880
1648
1150
932
670
876
1599
1450
1437
600
124
1444
1732
155
862
435
1386
1968
817
1394
705
1867
954
309
224
685
793
668
49
470
1931
812
1815
91
1428
1744
1605
600
475
1196
507
1159
1590
1859
1810
1890
1448
41
1819
1365
1976
27
1090
504
67
413
841
571
677
1396
642
1987
1652
1110
188
84
1086
1391
1251
687
756
1382
129
1503
278
863
425
1566
1873
833
886
429
647
890
479
884
926
1266
1261
1046
779
1822
1856
521
928
774
1135
1252
676
1337
335
1002
738
1311
1975
1591
357
1072
81
936
146
1283
1826
719
1574
713
1038
999
1906
1163
1718
693
1540
48
947
1104
232
116
840
1859
830
646
1395
1200
1646
273
676
1863
73
1774
481
1239
898
1543
1609
1204
1278
126
135
1402
1079
383
170
737
1479
1940
1139
722
1427
664
1678
1576
725
1982
1701
1962
863
3
449
1096
685
17
1138
1508
1994
1285
945
260
822
1059
644
1669
678
120
1858
1042
892
1265
1624
916
73
1930
842
716
1616
537
958
1760
701
1453
1094
242
1830
449
1228
1799
225
325
275
134
886
1039
171
863
630
1085
1910
879
924
1086
1401
1025
194
1106
1413
1766
1768
1408
678
1785
705
791
1835
892
622
86
1735
1191
543
1999
87
19
1622
425
598
1377
255
1670
109
928
494
69
367
1103
439
601
820
319
291
985
340
557
1809
633
1479
815
1788
1240
75
1021
828
555
1989
1442
799
1643
1003
322
105
1947
1057
510
1834
1709
1762
534
687
805
386
143
843
1261
162
1621
344
1579
1188
114
1064
592
1935
416
657
1762
1013
412
1960
252
739
1371
125
1508
8
1585
952
1102
490
959
1442
1791
1014
413
856
1061
1094
473
1403
677
1544
1374
267
1652
1276
1529
533
762
1470
504
730
1108
1893
452
1954
393
571
1520
1473
1408
495
1506
441
384
263
1410
608
39
361
1472
1172
655
1948
1515
524
1230
490
767
1888
1757
633
1471
1740
667
523
1284
161
1554
706
1092
1260
1387
1688
630
43
318
46
357
1389
1453
1155
467
1834
1761
920
1632
739
1268
1777
1099
315
321
1054
8
470
217
1723
1843
1008
1464
261
948
1794
631
718
1044
1377
1315
627
1118
1335
621
172
793
965
1155
867
694
665
1776
1001
213
1101
1552
1477
380
944
1878
1790
362
1386
273
1435
1145
1562
1564
505
947
1889
309
158
1431
1124
465
75
347
1838
1982
1319
612
293
1592
1833
1124
462
992
1462
1331
499
1370
1292
401
180
118
318
1915
1596
1442
1937
1868
1029
1454
1910
1974
1982
1504
570
817
1884
1368
1386
403
1231
1158
682
1568
311
1867
1688
1172
1478
1246
765
239
1672
48
116
593
1312
658
1406
54
1172
581
741
531
1676
321
1791
1378
999
587
1605
490
1632
1745
389
611
719
920
260
1928
610
120
1480
717
301
1397
854
1459
831
594
807
1850
855
273
161
295
55
334
147
230
472
429
560
242
1422
689
367
34
686
271
1330
262
861
209
983
163
507
879
1980
1898
1888
539
470
784
1541
796
1267
634
1510
558
318
135
54
136
259
594
1844
1694
467
952
141
1095
938
1175
513
98
1552
696
1818
1493
1293
238
1531
614
1297
1711
390
1629
1810
787
1745
841
183
570
121
1394
293
963
215
528
808
1195
706
714
1012
914
694
1665
204
996
1763
382
947
1910
1049
1769
625
512
1955
236
1128
634
241
1863
1128
1578
1818
341
143
1101
401
559
1477
1155
936
431
1832
1296
1538
1624
1923
928
30
212
212
1755
881
254
1294
1322
786
529
444
1001
556
672
1271
1453
1376
632
1641
935
41
1987
835
249
1540
766
797
313
1263
1053
732
1988
465
558
249
1557
171
1451
1183
1302
1294
100
1333
1045
332
76
1005
1051
1027
67
1739
1802
1624
1844
442
1381
1696
1919
1660
1364
629
330
1089
855
614
980
570
667
1680
1578
1838
1403
1116
1293
1724
873
1449
324
1154
1949
396
1198
509
909
1412
1994
1666
782
1203
1611
829
1257
1706
966
24
770
1716
254
1806
1685
1479
146
1841
834
1286
901
969
1995
634
1886
349
282
33
257
1911
873
983
1902
307
636
1861
472
1528
1138
344
1769
234
1996
1172
1604
943
12
1880
1035
513
594
531
162
1235
259
1927
1907
1192
444
189
228
720
485
1225
1094
436
1225
95
1583
868
628
6
1147
687
590
541
238
851
760
1579
957
678
404
43
301
1812
1226
1144
1596
1017
616
805
1007
369
1642
336
699
1326
314
24
313
619
458
397
340
1087
95
1847
1044
1523
912
281
1456
359
848
871
991
1874
328
1414
1455
1897
473
451
1242
642
1647
1526
214
825
1930
696
1404
595
1994
68
188
641
1080
42
126
535
861
1001
908
622
1693
1294
1118
1718
404
1944
1894
640
1012
926
29
1979
749
851
893
445
655
1624
354
37
1548
1347
827
62
1905
239
1572
887
406
1300
57
1729
1268
1752
20
1992
167
1718
1847
1094
1188
1422
913
868
300
445
1898
1202
1329
943
1105
1769
1769
642
297
1263
721
1245
1919
1626
1220
1585
175
985
460
1150
1015
1696
504
1033
1852
1538
815
364
652
1220
291
1918
1684
1919
585
1253
1587
1270
249
138
398
425
1169
28
149
1994
383
1272
1670
894
878
1015
1105
485
944
1496
812
1294
893
799
1991
1300
891
494
1075
1550
1775
1315
174
70
1219
866
834
1239
1912
1253
464
509
1150
1089
246
232
1921
107
1272
369
422
1259
158
1648
983
239
123
1724
907
707
190
1157
346
352
924
1119
1551
98
1837
592
1407
511
1814
652
1881
1845
744
1742
1246
579
950
1706
515
1786
1228
625
1205
357
1918
228
556
103
287
1469
1699
980
1412
490
759
1491
776
411
1133
1090
1297
1951
1113
123
530
1673
1837
278
1554
1977
671
1086
653
1752
398
1752
1002
436
694
1073
1917
717
1329
1512
126
1839
1297
940
1545
1057
827
903
759
589
22
587
109
1778
629
1980
948
550
1281
1246
1129
63
427
720
678
1092
48
1786
1232
1407
685
1955
770
710
1957
422
1946
1466
17
1861
498
336
1191
1678
50
1006
1887
1389
676
1144
1378
131
488
556
483
1254
1001
1755
290
489
1216
9
1311
941
1800
998
1708
455
305
238
486
500
793
1614
613
683
984
1352
130
1138
1034
601
1865
1684
1858
969
1711
1969
1709
642
1733
438
1685
500
702
1870
584
1257
1693
1641
88
1013
1811
1821
836
1664
616
1898
678
775
135
1554
1534
879
287
1625
735
76
1350
713
985
625
1793
505
823
56
914
463
474
85
161
1123
54
1398
1823
1751
1338
1918
7
932
198
1506
1237
358
600
291
1899
986
1448
1085
593
726
997
1856
829
1339
1343
429
1796
743
38
1507
768
1054
1794
506
147
1610
1925
1855
1466
240
207
210
1493
500
176
1037
1062
1648
1619
1014
728
1713
1897
1910
1842
131
1091
1035
1916
287
1524
667
1345
737
38
1417
1894
1950
972
845
778
1286
201
591
286
326
1119
1669
7
1730
9
542
226
1537
1981
717
471
1385
748
329
1937
205
701
1524
365
1412
41
251
1505
1484
1767
142
671
846
507
1089
1257
1108
267
1858
679
200
675
156
1192
991
1833
859
997
918
291
1968
1708
235
247
1463
1403
240
1427
1096
907
315
351
587
1280
1777
1823
880
302
1813
1677
1165
1358
571
39
313
145
562
181
201
644
1857
62
648
1940
1809
1291
1453
980
619
1420
8
285
548
1978
1676
614
710
1372
643
340
337
622
1502
35
130
1359
1437
470
898
505
799
203
1106
1239
1033
66
517
482
1580
1024
1728
1772
1314
383
141
817
489
1320
1590
1514
260
852
272
1284
365
1039
1013
1185
1760
1502
1575
734
1060
1715
1650
596
523
542
417
1378
1053
566
1892
139
1311
968
1056
1788
1225
223
440
1442
649
805
1835
1369
1442
873
669
1975
1177
1138
634
1242
1746
19
1016
975
1253
847
957
1525
967
1582
145
241
1335
1297
1877
1028
1206
19
292
1642
1466
192
472
260
1701
218
17
1944
625
1065
1506
1158
1503
1667
1276
47
1633
1790
47
146
4
1153
1902
327
1154
1185
1650
351
406
347
1026
971
337
796
1794
1324
1533
857
1897
1211
1777
1693
551
1291
1796
1853
1351
316
37
1362
1761
1985
730
535
51
83
807
1937
1585
791
1618
1183
